  1   10 WRANGEL ISLAND (USSR)                  
   70.8  178.6
   71.0  178.4
   71.3  179.3
   71.5 -179.7
   71.5 -178.7
   71.1 -177.6
   70.9 -178.4
   70.8 -179.7
   70.9  179.8
   70.8  178.6
  2   25 SAKHALIN ISLAND (USSR)                 
   49.0  142.0
   50.0  142.2
   51.1  142.2
   52.1  141.7
   53.3  141.8
   53.4  142.6
   54.1  142.3
   54.3  142.9
   53.4  143.1
   52.3  143.3
   51.2  143.5
   50.1  144.0
   48.8  144.6
   49.3  144.0
   49.4  143.3
   48.4  142.8
   47.6  142.6
   47.0  143.1
   46.3  143.6
   46.7  142.8
   46.0  142.1
   46.7  142.0
   47.5  142.0
   48.2  142.3
   49.0  142.0
  3   24 HOKKAIDO (JAPAN)                       
   45.2  141.6
   45.5  142.1
   44.8  142.8
   44.3  143.4
   44.0  144.4
   44.2  145.4
   43.6  145.2
   43.4  145.9
   42.9  144.7
   42.9  144.0
   42.1  143.4
   42.3  142.5
   42.6  141.6
   42.4  141.0
   42.3  140.4
   41.8  141.2
   41.5  140.1
   42.2  139.9
   42.8  140.4
   43.3  140.4
   43.2  141.4
   43.7  141.4
   44.4  141.9
   45.2  141.6
  4   53 HONSHU (JAPAN)                         
   41.5  141.1
   41.3  141.6
   40.7  141.6
   40.0  142.1
   39.0  142.0
   38.4  141.5
   38.1  141.0
   37.3  141.1
   36.6  140.7
   35.8  140.9
   35.0  140.0
   35.7  140.0
   35.3  139.2
   34.7  139.0
   35.2  138.7
   34.7  138.3
   34.7  137.3
   34.9  136.9
   34.3  137.0
   33.9  136.3
   33.4  135.8
   34.0  135.1
   34.7  135.4
   34.8  134.4
   34.4  133.4
   33.9  132.3
   33.8  131.3
   33.5  131.9
   32.8  132.0
   32.0  131.7
   31.1  131.0
   31.3  130.3
   32.0  130.3
   32.6  130.6
   33.1  129.8
   33.7  130.5
   34.3  131.0
   34.9  132.0
   35.6  132.9
   35.6  133.9
   35.7  134.9
   35.6  135.8
   36.0  136.0
   36.9  136.9
   37.4  137.4
   36.7  137.3
   37.1  138.1
   37.8  138.9
   38.5  139.6
   39.4  140.0
   40.4  140.0
   41.1  140.3
   41.5  141.1
  5   11 FUKUOKA (JAPAN)                        
   34.0  133.0
   33.9  133.2
   34.1  133.6
   34.4  134.1
   34.2  134.6
   33.8  134.7
   33.3  134.1
   33.3  133.3
   32.7  133.0
   33.4  132.5
   34.0  133.0
  6    9 HAINAN (CHINA)                         
   20.0  110.0
   20.9  110.9
   19.3  110.6
   18.6  110.2
   18.3  109.7
   18.7  108.7
   19.4  108.8
   20.0  109.2
   20.0  110.0
  7    9 TAIWAN                                 
   22.0  120.8
   22.9  120.0
   23.7  120.0
   24.3  120.4
   25.1  121.0
   25.2  121.9
   24.1  121.6
   23.0  121.3
   22.0  120.8
  8   31 NEWFOUNDLAND                           
   50.9  -56.9
   51.4  -55.6
   50.5  -56.0
   49.6  -56.6
   49.9  -56.0
   49.8  -55.4
   49.5  -55.8
   49.4  -55.0
   49.3  -54.0
   49.2  -53.4
   48.4  -53.6
   48.5  -52.9
   47.6  -53.6
   48.0  -52.8
   47.2  -52.6
   46.5  -52.8
   46.7  -54.0
   47.6  -53.9
   46.8  -55.0
   46.7  -55.8
   47.4  -55.0
   47.5  -56.1
   47.4  -57.1
   47.4  -58.0
   47.5  -59.1
   47.9  -59.1
   48.3  -58.4
   48.4  -59.0
   49.0  -58.1
   50.1  -57.4
   50.9  -56.9
  9    7 ANTICOSTI ISLAND (CANADA)              
   49.8  -64.3
   49.7  -63.0
   49.4  -62.0
   49.0  -61.4
   48.9  -62.4
   49.3  -63.4
   49.8  -64.3
 10   28 CUBA                                   
   21.9  -84.6
   22.6  -83.5
   23.0  -82.4
   23.0  -81.3
   22.9  -80.4
   22.5  -79.5
   22.2  -78.6
   21.7  -77.6
   21.2  -76.5
   20.6  -75.4
   20.0  -74.1
   19.7  -75.1
   19.8  -76.1
   19.7  -77.5
   20.5  -77.0
   20.6  -78.0
   21.2  -78.4
   21.4  -79.1
   21.5  -79.9
   21.9  -80.4
   21.9  -81.1
   22.1  -81.9
   22.4  -81.4
   22.6  -82.5
   22.0  -83.2
   22.0  -83.7
   21.6  -84.0
   21.9  -84.6
 11   21 HAITI                                  
   19.6  -73.4
   19.7  -72.7
   19.6  -71.9
   19.8  -71.4
   19.6  -70.5
   19.4  -70.0
   19.2  -69.0
   18.3  -68.3
   18.0  -68.6
   18.2  -69.6
   18.1  -71.6
   17.4  -71.6
   18.0  -71.9
   18.0  -72.7
   18.0  -73.7
   18.4  -74.4
   18.4  -73.6
   18.4  -73.0
   18.6  -72.4
   19.2  -72.7
   19.6  -73.4
 12    7 CYPRUS                                 
   35.0   32.6
   35.3   33.6
   35.5   34.6
   35.0   34.2
   34.6   33.5
   34.5   32.8
   35.0   32.6
 13    8 CRETE                                  
   35.6   24.0
   35.4   24.7
   35.3   25.9
   35.1   26.6
   35.0   25.8
   35.0   25.0
   35.3   23.8
   35.6   24.0
 14   11 SICILY                                 
   38.1   15.8
   37.6   15.4
   37.0   15.5
   36.6   15.2
   36.9   14.6
   37.2   13.8
   37.5   12.8
   38.0   12.6
   38.1   13.5
   38.0   14.6
   38.1   15.8
 15    6 CORSICA                                
   42.9    9.6
   42.2    9.8
   41.4    9.3
   41.8    8.8
   42.5    8.8
   42.9    9.6
 16   10 SARDINIA                               
   41.2    9.3
   40.7   10.0
   40.0   10.0
   39.1    9.6
   38.9    9.0
   39.2    8.5
   40.0    8.6
   40.6    8.3
   40.9    8.4
   41.2    9.3
 17    5 BALEARIC ISLANDS                       
   40.0    3.1
   39.7    3.5
   39.3    3.1
   39.8    2.6
   40.0    3.1
 18    5 HAWAII                                 
   18.9 -155.9
   20.0 -155.8
   19.3 -154.7
   18.7 -155.5
   18.9 -155.9
 19    8 QUEEN CHARLOTTE ISLANDS (CANADA)       
   54.0 -131.7
   53.5 -132.0
   52.8 -131.7
   52.0 -131.2
   52.5 -132.0
   53.1 -132.5
   54.0 -133.1
   54.0 -131.7
 20   11 KODIAK ISLAND (ALASKA)                 
   58.4 -152.7
   58.3 -152.2
   57.9 -152.7
   57.5 -152.3
   57.3 -153.0
   56.8 -153.6
   56.7 -154.3
   57.5 -154.7
   57.8 -153.8
   58.0 -153.3
   58.4 -152.7
 21    7 NUNIVAK ISLAND (ALASKA)                
   60.0 -165.6
   59.7 -166.2
   60.0 -167.2
   60.2 -167.4
   60.2 -166.6
   60.3 -165.9
   60.0 -165.6
 22   29 BANKS ISLAND (CANADA)                  
   71.6 -120.5
   71.4 -121.7
   71.2 -122.6
   71.1 -123.2
   71.5 -123.8
   71.9 -125.1
   71.9 -126.1
   72.5 -125.5
   72.9 -125.0
   73.5 -124.6
   73.8 -124.0
   74.4 -124.8
   74.5 -123.6
   74.6 -122.3
   74.6 -121.2
   74.4 -120.5
   74.2 -119.6
   74.3 -118.6
   74.3 -117.9
   74.1 -117.0
   73.7 -116.0
   73.5 -115.3
   73.3 -117.1
   72.9 -118.0
   72.6 -119.0
   72.3 -119.4
   72.3 -120.0
   71.9 -120.6
   71.6 -120.5
 23   77 VICTORIA ISLAND (CANADA)               
   69.3 -116.0
   69.6 -117.0
   70.0 -117.4
   70.1 -117.0
   70.2 -116.0
   70.3 -115.0
   70.3 -114.0
   70.2 -113.0
   70.2 -112.1
   70.4 -112.0
   70.5 -113.0
   70.6 -114.0
   70.5 -115.4
   70.6 -116.5
   70.6 -117.7
   71.0 -118.5
   71.2 -118.0
   71.3 -117.0
   71.5 -115.9
   71.4 -117.0
   71.4 -118.4
   71.6 -119.0
   72.2 -118.6
   72.2 -118.0
   72.4 -118.6
   72.8 -117.7
   73.2 -116.2
   73.4 -114.7
   73.3 -114.3
   72.9 -114.0
   72.6 -114.7
   72.7 -113.5
   73.0 -113.1
   72.9 -112.0
   72.7 -111.1
   72.3 -111.6
   72.7 -110.2
   72.9 -110.6
   72.7 -109.4
   72.5 -108.7
   72.0 -108.6
   71.6 -108.0
   71.8 -107.4
   72.4 -107.9
   73.1 -108.2
   73.3 -108.0
   73.3 -107.0
   73.6 -106.8
   73.7 -105.2
   73.5 -104.5
   73.2 -104.7
   72.8 -105.4
   72.4 -105.2
   71.9 -105.0
   71.5 -104.4
   71.0 -104.6
   70.6 -103.7
   70.4 -102.2
   70.1 -100.9
   69.6 -100.9
   69.6 -102.4
   69.2 -101.8
   68.6 -103.0
   68.7 -104.0
   68.8 -105.0
   69.0 -105.9
   69.3 -106.6
   68.8 -107.4
   68.7 -108.6
   68.5 -109.6
   68.5 -110.5
   68.4 -111.6
   68.4 -112.5
   68.4 -113.2
   69.1 -113.8
   69.3 -115.0
   69.3 -116.0
 24   23 PRINCE OF WALES ISLAND (CANADA)        
   71.7  -96.5
   71.5  -97.7
   71.2  -98.4
   71.3  -99.2
   71.8 -100.1
   72.2 -101.5
   72.5 -102.5
   72.9 -102.1
   72.5 -101.0
   72.7 -100.1
   73.2 -100.4
   73.3 -101.4
   73.6 -101.1
   73.8 -100.0
   73.9  -99.0
   74.0  -98.0
   73.8  -98.0
   73.6  -97.0
   73.1  -98.0
   72.9  -97.4
   72.6  -96.7
   72.3  -96.4
   71.7  -96.5
 25    6 CORNWALLIS ISLAND (CANADA)             
   74.6  -95.1
   75.0  -96.7
   75.6  -94.7
   75.2  -93.4
   74.6  -93.5
   74.6  -95.1
 26   21 BATHURST ISLAND (CANADA)               
   75.0  -98.0
   74.9  -99.0
   74.9 -100.0
   75.0 -100.8
   75.6 -100.0
   75.6 -101.1
   75.5 -102.0
   75.4 -102.8
   76.0 -104.0
   76.6 -104.7
   76.6 -103.9
   76.3 -102.8
   75.8 -101.6
   76.4 -102.0
   76.3 -101.1
   76.6 -100.4
   76.5  -99.4
   76.6  -98.6
   76.4  -97.8
   75.7  -97.7
   75.0  -98.0
 27   41 MELVILLE ISLAND (CANADA)               
   75.0 -106.0
   74.9 -107.0
   74.9 -108.0
   75.0 -109.0
   74.8 -110.0
   74.6 -111.0
   74.4 -112.0
   74.3 -113.1
   74.6 -114.4
   74.8 -113.4
   74.9 -112.4
   74.9 -111.5
   75.2 -111.0
   75.1 -112.2
   75.0 -113.4
   75.2 -114.0
   74.9 -115.0
   75.0 -116.0
   75.1 -117.0
   75.2 -117.6
   75.7 -117.0
   76.2 -116.1
   76.4 -115.0
   76.4 -114.0
   76.2 -114.0
   76.2 -113.0
   76.0 -112.1
   75.5 -111.0
   75.5 -110.0
   75.5 -109.0
   75.8 -109.8
   76.0 -109.3
   76.4 -110.5
   76.6 -109.7
   76.7 -108.7
   76.2 -108.0
   75.8 -107.8
   76.0 -106.8
   75.9 -105.8
   75.5 -105.3
   75.0 -106.0
 28   20 PRINCE PATRICK ISLAND (CANADA)         
   76.0 -119.0
   75.7 -120.0
   75.9 -121.0
   75.9 -122.0
   76.1 -123.0
   76.4 -121.8
   76.7 -120.4
   77.0 -119.6
   77.3 -119.0
   77.3 -118.0
   77.3 -117.0
   77.5 -116.5
   77.3 -115.4
   77.0 -116.4
   76.8 -115.7
   76.5 -116.2
   76.5 -117.0
   76.2 -117.5
   76.7 -117.9
   76.0 -119.0
 29   11 MACKENZIE KING ISLAND (CANADA)         
   77.8 -113.2
   78.0 -112.0
   78.0 -111.0
   78.0 -109.7
   77.7 -111.0
   77.7 -110.0
   77.4 -110.3
   77.3 -111.0
   77.3 -112.1
   77.4 -112.9
   77.8 -113.2
 30   10 BORDEN ISLAND (CANADA)                 
   78.2 -109.6
   78.2 -110.7
   78.2 -111.6
   78.3 -112.4
   78.2 -113.3
   78.4 -112.6
   78.5 -111.5
   78.7 -110.5
   78.4 -109.4
   78.2 -109.6
 31   21 ELLEF RINGNES (CANADA)                 
   78.5 -105.0
   78.5 -103.4
   78.9 -104.3
   78.7 -105.1
   78.9 -105.0
   78.9 -105.7
   79.3 -105.6
   79.4 -104.6
   79.3 -103.6
   78.8 -102.6
   79.0 -102.0
   78.7 -100.5
   78.5 -100.0
   78.1  -99.1
   77.8  -99.3
   77.8 -100.6
   78.2 -101.2
   78.3 -102.4
   78.4 -103.1
   78.3 -104.0
   78.5 -105.0
 32   14 AMUND RINGNES ISLAND (CANADA)          
   78.0  -97.9
   78.1  -96.9
   78.2  -98.0
   78.8  -98.4
   78.8  -97.4
   78.7  -96.3
   78.5  -95.4
   78.3  -94.7
   78.2  -95.4
   78.0  -94.8
   77.8  -95.5
   77.7  -96.3
   77.7  -97.1
   78.0  -97.9
 33   35 AXEL HEIBERG ISLAND (CANADA)           
   78.1  -88.8
   78.2  -89.6
   78.0  -90.0
   78.1  -91.0
   78.2  -92.0
   78.4  -92.8
   78.5  -91.8
   78.6  -93.0
   78.9  -93.8
   79.2  -92.8
   79.2  -91.7
   79.4  -92.0
   79.3  -93.0
   79.4  -94.0
   79.3  -94.6
   79.5  -95.3
   80.0  -96.0
   81.0  -95.0
   81.1  -94.0
   81.2  -92.7
   81.2  -94.0
   81.3  -94.5
   81.3  -93.1
   81.2  -92.1
   80.8  -91.0
   80.5  -90.0
   80.5  -89.0
   80.4  -87.7
   79.7  -87.0
   79.6  -86.0
   79.3  -85.0
   79.1  -86.1
   78.8  -87.0
   78.6  -87.9
   78.1  -88.8
 34  127 ELLESMERE ISLAND (CANADA)              
   76.5  -89.8
   76.9  -88.9
   77.0  -87.7
   77.3  -87.3
   77.6  -88.4
   77.8  -87.7
   77.8  -86.6
   77.4  -85.6
   78.1  -85.4
   78.1  -86.4
   78.1  -87.5
   78.7  -86.8
   78.7  -85.6
   78.7  -84.5
   79.4  -84.7
   79.8  -86.6
   80.3  -86.4
   80.3  -85.0
   80.3  -84.0
   80.3  -83.0
   80.3  -82.0
   80.4  -81.0
   80.6  -80.0
   80.7  -79.0
   80.8  -78.0
   80.8  -79.0
   80.7  -80.1
   80.6  -81.0
   80.5  -82.0
   80.4  -83.0
   80.4  -84.0
   80.4  -85.0
   80.5  -86.0
   80.5  -87.0
   80.6  -88.0
   80.8  -89.0
   81.4  -90.0
   81.6  -89.5
   81.5  -91.1
   81.6  -92.0
   81.8  -91.0
   81.8  -89.7
   82.1  -88.6
   82.0  -87.4
   82.0  -86.1
   82.2  -87.2
   82.2  -85.9
   82.4  -86.3
   82.4  -85.1
   82.3  -84.0
   82.3  -83.0
   82.6  -83.0
   82.7  -82.0
   82.8  -81.0
   82.9  -80.0
   82.8  -79.0
   82.8  -78.0
   83.1  -77.0
   83.1  -76.0
   83.0  -75.0
   82.8  -74.0
   83.1  -73.8
   83.1  -72.5
   83.1  -71.5
   83.1  -70.5
   83.0  -69.6
   83.0  -68.4
   83.0  -67.5
   82.9  -66.7
   82.7  -67.6
   82.6  -69.0
   82.6  -67.8
   82.7  -67.0
   82.8  -66.0
   82.9  -65.0
   82.8  -64.0
   82.5  -63.0
   82.5  -62.0
   82.3  -61.0
   82.1  -62.0
   81.8  -63.0
   81.7  -64.0
   81.7  -65.0
   81.6  -66.0
   81.6  -67.0
   81.4  -67.0
   81.4  -66.0
   81.5  -64.5
   81.3  -65.0
   81.2  -66.0
   80.9  -67.0
   80.7  -68.0
   80.5  -69.0
   80.3  -69.9
   80.0  -70.8
   79.6  -72.0
   79.6  -73.0
   79.4  -74.0
   79.4  -75.0
   79.3  -76.0
   79.3  -77.0
   79.2  -76.0
   79.2  -74.5
   78.0  -75.7
   77.8  -77.0
   77.8  -78.3
   77.4  -77.8
   77.2  -78.9
   77.2  -80.0
   77.0  -79.0
   76.8  -79.1
   76.8  -78.0
   76.5  -77.9
   76.3  -78.7
   76.2  -79.7
   76.1  -81.2
   76.4  -80.7
   76.4  -81.6
   76.3  -82.5
   76.3  -83.4
   76.3  -84.6
   76.2  -84.9
   76.3  -86.0
   76.3  -87.0
   76.3  -88.0
   76.3  -89.0
   76.5  -89.8
 35   45 DEVON ISLAND (CANADA)                  
   76.6  -91.0
   76.3  -90.0
   76.2  -89.3
   76.1  -90.0
   76.1  -91.0
   75.9  -90.0
   75.6  -89.0
   75.4  -88.0
   75.4  -87.0
   75.3  -86.2
   75.6  -85.0
   75.7  -84.0
   75.7  -83.0
   75.7  -82.0
   75.6  -81.0
   75.5  -80.1
   75.4  -79.6
   75.0  -80.4
   74.9  -79.5
   74.5  -80.3
   74.5  -81.0
   74.4  -82.0
   74.5  -83.0
   74.4  -84.0
   74.4  -85.0
   74.4  -86.0
   74.4  -87.0
   74.4  -88.0
   74.6  -89.0
   74.4  -90.0
   74.6  -91.0
   74.7  -92.0
   75.4  -92.4
   75.5  -92.0
   76.3  -93.0
   76.2  -94.0
   76.2  -95.0
   76.4  -96.0
   76.7  -97.0
   77.1  -95.9
   77.0  -95.0
   76.9  -93.9
   76.5  -93.2
   76.6  -92.0
   76.6  -91.0
 36   94 BAFFIN ISLAND (CANADA)                 
   72.1  -89.9
   73.3  -88.7
   73.6  -87.6
   73.7  -86.4
   73.6  -84.9
   73.2  -85.3
   73.5  -84.0
   73.7  -82.8
   73.7  -81.3
   73.6  -80.0
   73.6  -79.0
   73.6  -78.0
   73.5  -76.9
   72.8  -76.2
   72.8  -77.4
   72.5  -76.0
   72.0  -74.4
   71.6  -73.6
   71.6  -72.5
   71.4  -71.4
   70.8  -70.3
   70.6  -69.0
   70.3  -68.0
   69.7  -67.0
   69.5  -68.2
   69.2  -67.6
   69.0  -67.5
   69.0  -68.3
   68.4  -68.0
   68.0  -66.9
   67.8  -66.0
   67.9  -65.0
   67.3  -64.0
   67.0  -63.0
   66.9  -62.0
   66.5  -61.2
   66.0  -62.0
   65.4  -63.0
   64.7  -63.7
   65.3  -65.0
   65.9  -66.0
   66.4  -67.0
   65.6  -67.8
   65.0  -66.9
   64.7  -65.9
   64.0  -65.0
   62.4  -65.0
   62.9  -66.0
   63.2  -67.0
   63.4  -68.0
   63.6  -68.8
   63.0  -68.0
   62.6  -67.0
   61.8  -66.0
   61.9  -67.0
   62.0  -68.0
   62.2  -69.0
   62.7  -70.0
   62.9  -71.0
   63.6  -72.0
   64.0  -73.0
   64.5  -74.0
   64.4  -74.9
   64.4  -75.9
   64.1  -76.7
   64.3  -78.0
   64.8  -78.0
   65.3  -77.0
   65.2  -76.0
   65.2  -75.0
   65.4  -73.6
   66.1  -74.4
   66.4  -73.6
   67.1  -72.3
   68.0  -72.9
   68.4  -74.0
   68.8  -75.0
   68.6  -76.5
   69.3  -76.0
   69.6  -77.0
   70.2  -78.0
   69.8  -78.9
   69.6  -80.0
   69.6  -80.9
   69.7  -82.3
   69.8  -83.4
   69.9  -84.5
   70.0  -85.9
   70.2  -87.1
   70.3  -88.4
   70.7  -89.3
   71.0  -88.3
   71.2  -89.8
   72.1  -89.9
 37    7 PRINCE CHARLES ISLAND (CANADA)         
   68.3  -76.4
   68.1  -75.0
   67.5  -75.1
   67.1  -76.0
   67.1  -77.0
   67.7  -77.2
   68.3  -76.4
 38   20 SOUTHAMPTON ISLAND (CANADA)            
   65.8  -85.5
   65.4  -84.5
   65.0  -83.5
   64.7  -82.6
   64.5  -81.7
   63.9  -81.0
   63.6  -80.2
   63.4  -81.0
   63.5  -82.0
   64.0  -83.0
   63.5  -84.0
   63.1  -84.8
   63.0  -85.4
   63.6  -85.6
   63.6  -86.4
   63.7  -87.1
   64.1  -86.1
   64.5  -86.4
   65.3  -86.0
   65.8  -85.5
 39    6 NOVAYA ZEMLYA (USSR)                   
   68.7   48.9
   69.1   48.6
   69.5   49.4
   69.2   50.3
   68.8   50.2
   68.7   48.9
 40   10 FRANZ-JOSEF LAND 1 (USSR)              
   80.0   47.9
   80.4   47.1
   80.6   48.6
   80.7   49.8
   80.9   50.6
   80.6   51.6
   80.5   50.4
   80.3   50.3
   80.2   49.1
   80.0   47.9
 41   13 FRANZ-JOSEF LAND 2 (USSR)              
   80.6   57.1
   80.6   55.9
   80.7   55.0
   80.8   54.2
   81.1   55.4
   81.3   56.3
   81.5   57.3
   81.5   58.3
   81.3   59.5
   81.3   58.0
   81.1   58.6
   80.7   58.0
   80.6   57.1
 42   10 FRANZ-JOSEF LAND 3 (USSR)              
   80.3   61.6
   80.3   60.7
   80.3   59.8
   80.5   59.5
   80.8   60.0
   80.8   61.0
   80.9   62.1
   80.6   62.4
   80.6   61.4
   80.3   61.6
 43    9 FRANZ-JOSEF LAND 4 (USSR)              
   81.0   65.5
   81.0   64.3
   80.7   63.6
   80.9   62.8
   81.2   63.0
   81.3   64.0
   81.4   64.6
   81.3   65.2
   81.0   65.5
 44   50 OSTROV VAYGACH (USSR)                  
   70.4   57.3
   70.5   56.4
   70.6   55.5
   70.7   54.5
   70.8   53.6
   71.2   53.7
   71.3   52.8
   71.4   51.8
   72.1   51.9
   72.2   52.8
   72.6   52.6
   73.1   53.2
   73.3   54.4
   73.7   53.9
   73.9   54.2
   74.2   55.4
   75.1   56.0
   75.2   57.0
   75.4   58.0
   75.8   59.0
   76.0   60.0
   76.1   61.0
   76.2   62.0
   76.1   63.0
   76.2   64.0
   76.4   65.0
   76.5   66.0
   76.7   66.0
   76.8   66.6
   76.9   67.7
   76.9   68.7
   76.6   69.3
   76.2   68.5
   76.1   67.5
   75.9   66.5
   75.8   65.5
   75.6   64.5
   75.5   63.5
   75.3   62.4
   75.1   61.5
   74.8   60.5
   74.5   59.3
   74.0   58.5
   73.4   57.4
   73.0   56.4
   72.3   56.6
   71.4   56.0
   70.9   57.0
   70.7   57.8
   70.4   57.3
 45   32 SEVERNAYA ZEMLYA 1 (USSR)              
   78.8   97.9
   78.9   97.0
   79.0   96.0
   79.0   94.9
   79.4   94.0
   79.5   93.0
   79.8   93.9
   80.0   94.3
   79.8   93.2
   79.7   92.3
   79.7   91.3
   80.1   91.0
   80.1   92.0
   80.2   92.2
   80.3   91.6
   80.5   92.5
   80.8   92.7
   81.0   93.6
   81.1   94.8
   81.2   95.6
   81.1   96.4
   80.8   97.3
   80.7   98.0
   80.5   97.0
   80.2   97.4
   80.1   98.1
   80.0   99.3
   79.8  100.0
   79.2   99.7
   78.9  100.0
   78.8   99.3
   78.8   97.9
 46   15 SEVERNAYA ZEMLYA 2 (USSR)              
   77.9   99.4
   78.4  100.0
   78.9  100.6
   79.3  101.6
   79.4  102.4
   79.2  103.4
   79.0  104.3
   78.8  105.1
   78.4  105.2
   78.3  104.6
   78.3  103.6
   78.2  102.6
   78.2  101.3
   78.1  100.5
   77.9   99.4
 47   14 NOVOSIBIRSKIYE OSTROVA 1 (USSR)        
   74.6  139.2
   74.7  138.2
   75.1  137.4
   75.3  137.0
   75.7  137.3
   76.0  137.7
   76.2  138.6
   76.2  139.1
   76.0  140.0
   75.6  141.0
   75.3  140.6
   75.0  140.3
   74.9  139.6
   74.6  139.2
 48   11 NOVOSIBIRSKIYE OSTROVA 2 (USSR)        
   75.0  144.0
   75.1  143.0
   75.3  142.4
   75.8  143.1
   76.1  141.9
   76.7  142.1
   75.9  143.4
   75.8  144.1
   75.6  145.0
   75.2  144.6
   75.0  144.0
 49   14 NOVOSIBIRSKIYE OSTROVA 3 (USSR)        
   74.7  150.0
   74.8  148.9
   74.8  148.3
   75.0  147.2
   75.4  146.9
   75.6  146.5
   75.4  147.2
   75.4  148.1
   75.3  148.9
   75.2  149.4
   75.2  150.2
   75.1  151.0
   74.9  151.0
   74.7  150.0
 50   11 NOVOSIBIRSKIYE OSTROVA 4 (USSR)        
   73.2  143.5
   73.2  142.6
   73.3  141.4
   73.4  140.8
   73.4  139.9
   73.6  140.8
   73.8  141.0
   73.9  142.1
   73.7  143.0
   73.4  143.6
   73.2  143.5
 51   27 LUZON, PHILLIPINES                     
   18.6  120.7
   18.5  121.4
   18.5  122.2
   17.2  122.5
   16.2  122.1
   15.4  121.4
   14.1  121.8
   14.0  122.3
   14.3  122.8
   13.9  124.0
   12.9  124.0
   13.4  123.1
   13.9  122.6
   13.1  122.7
   13.9  121.7
   13.5  121.3
   12.6  121.6
   12.3  121.1
   13.5  120.4
   13.6  121.0
   14.6  120.4
   15.3  119.8
   16.2  119.8
   16.0  120.3
   17.0  120.4
   18.0  120.4
   18.6  120.7
 52   16 PHILLIPINES                            
   12.5  124.4
   12.7  125.1
   11.3  125.7
   10.4  125.3
   10.0  124.7
    9.6  124.0
    9.2  123.0
    9.8  122.4
   10.6  122.7
   10.5  122.0
   11.9  122.0
   11.5  123.2
   11.0  123.3
   11.2  124.0
   11.9  124.5
   12.5  124.4
 53   27 MINDANAO, PHILLIPINES                  
    9.8  125.5
    8.9  126.4
    7.9  126.7
    7.0  126.6
    6.4  126.3
    7.1  126.0
    6.8  125.4
    6.2  126.0
    5.6  125.5
    6.0  124.7
    6.4  124.1
    7.0  124.1
    7.3  124.4
    7.9  123.6
    7.5  123.5
    7.4  123.0
    7.8  122.7
    6.9  122.0
    8.0  122.1
    8.2  123.0
    8.6  123.0
    8.6  123.9
    8.2  124.2
    8.6  124.7
    9.0  124.9
    9.1  125.7
    9.8  125.5
 54   69 NEW GUINEA                             
   -1.3  130.7
   -0.8  131.0
   -0.4  132.1
   -0.4  133.0
   -0.8  134.0
   -2.0  134.0
   -3.0  134.9
   -3.3  135.4
   -2.6  136.3
   -2.0  137.1
   -1.4  137.8
   -1.8  138.7
   -2.2  139.8
   -2.3  140.6
   -2.6  141.4
   -3.0  142.5
   -3.4  143.4
   -3.8  144.5
   -4.3  145.3
   -4.8  146.0
   -5.4  145.8
   -5.7  146.6
   -6.0  147.6
   -6.4  148.0
   -6.9  147.2
   -7.6  147.7
   -8.5  148.4
   -9.0  149.0
   -9.5  149.6
  -10.0  150.1
  -10.2  150.6
  -10.6  150.2
  -10.2  149.8
  -10.2  149.0
  -10.0  148.0
   -9.4  147.0
   -8.1  146.1
   -7.7  145.1
   -7.6  144.1
   -8.3  143.1
   -9.0  143.4
   -9.4  142.6
   -9.1  142.2
   -9.1  141.4
   -9.0  141.0
   -8.1  140.0
   -8.0  139.2
   -8.3  138.8
   -8.4  137.7
   -7.4  138.3
   -7.2  138.9
   -6.2  138.5
   -5.5  138.2
   -4.9  137.3
   -4.7  136.4
   -4.6  135.6
   -4.1  134.7
   -3.4  133.6
   -4.0  133.2
   -4.0  132.7
   -3.4  132.7
   -2.8  131.8
   -2.4  133.0
   -2.4  133.7
   -2.0  133.7
   -2.0  133.0
   -2.1  132.1
   -1.6  131.6
   -1.3  130.7
 55   11 NEW BRITAIN                            
   -5.5  148.3
   -5.5  149.4
   -5.4  150.4
   -5.0  151.1
   -4.1  151.5
   -4.4  152.3
   -5.6  151.9
   -6.1  151.0
   -6.3  149.9
   -6.1  149.0
   -5.5  148.3
 56    7 NEW IRELAND                            
   -2.8  150.8
   -3.3  152.2
   -4.1  153.2
   -4.9  152.9
   -3.9  152.4
   -3.5  152.0
   -2.8  150.8
 57    5 SOLOMON ISLANDS                        
   -5.5  154.8
   -6.0  155.4
   -6.8  155.8
   -6.3  155.0
   -5.5  154.8
 58    5 SOLOMON ISLANDS                        
  -10.0  160.0
   -9.4  159.6
   -9.4  160.2
  -10.0  160.8
  -10.0  160.0
 59    7 NEW CALEDONIA                          
  -20.3  164.1
  -20.7  165.0
  -21.6  166.0
  -22.3  166.9
  -22.0  165.8
  -21.4  165.0
  -20.3  164.1
 60  164 AUSTRALIA                              
  -12.3  136.9
  -13.1  136.0
  -14.3  135.7
  -14.9  135.5
  -15.4  136.3
  -16.0  137.4
  -16.6  138.3
  -17.0  139.1
  -17.4  139.7
  -17.6  140.4
  -17.0  141.0
  -16.0  141.4
  -15.0  141.8
  -14.0  141.6
  -13.0  141.7
  -12.0  141.9
  -11.0  142.0
  -10.7  142.6
  -11.7  143.0
  -12.6  143.3
  -13.3  143.6
  -14.3  143.9
  -14.1  144.6
  -15.0  145.2
  -16.0  145.5
  -17.0  146.0
  -18.0  146.1
  -19.0  146.4
  -19.4  147.2
  -20.0  148.0
  -20.4  148.8
  -21.1  149.2
  -22.0  149.4
  -22.3  149.9
  -22.4  150.6
  -23.3  150.9
  -24.0  151.5
  -24.7  152.2
  -25.6  152.9
  -26.4  153.1
  -27.1  153.1
  -28.1  153.5
  -29.0  153.5
  -30.0  153.2
  -31.0  153.0
  -32.0  152.5
  -32.8  152.1
  -33.3  151.4
  -34.1  151.0
  -35.0  150.7
  -36.0  150.1
  -36.9  150.0
  -37.6  150.0
  -37.9  149.0
  -37.9  148.0
  -38.6  147.0
  -38.9  146.4
  -38.4  145.4
  -38.0  144.9
  -38.4  144.1
  -38.8  143.5
  -38.4  142.7
  -38.3  141.4
  -38.0  140.5
  -37.5  140.0
  -37.0  139.7
  -36.7  140.0
  -36.0  139.6
  -35.4  139.3
  -35.6  138.2
  -34.8  138.6
  -34.1  138.0
  -35.1  137.8
  -35.3  136.9
  -34.9  136.9
  -34.8  137.4
  -34.0  137.5
  -33.4  138.0
  -32.6  137.9
  -33.4  137.2
  -34.0  136.3
  -35.0  136.0
  -34.7  135.0
  -33.7  135.0
  -33.0  134.1
  -32.3  133.7
  -32.0  132.9
  -32.0  132.0
  -31.5  131.2
  -31.5  130.0
  -31.5  129.0
  -32.0  128.0
  -32.2  127.0
  -32.1  126.0
  -32.6  125.0
  -33.0  124.0
  -33.7  123.7
  -33.8  123.1
  -33.8  122.1
  -33.7  121.0
  -33.9  119.9
  -34.4  119.3
  -34.3  118.9
  -35.0  118.0
  -35.0  117.0
  -34.8  116.0
  -34.1  115.0
  -33.5  115.0
  -33.1  115.7
  -32.1  115.8
  -31.4  115.6
  -30.3  115.0
  -29.1  115.0
  -28.0  114.1
  -27.0  113.9
  -26.0  113.1
  -25.5  113.3
  -26.1  114.0
  -25.0  113.6
  -24.0  113.3
  -23.4  113.7
  -22.5  113.5
  -21.9  114.0
  -22.3  114.0
  -21.6  115.0
  -21.0  115.9
  -20.6  116.6
  -20.7  117.4
  -20.2  118.1
  -19.9  119.0
  -19.9  120.0
  -19.7  120.8
  -19.0  121.4
  -18.0  122.0
  -17.1  122.0
  -16.3  122.6
  -17.1  123.3
  -16.9  123.6
  -16.0  123.4
  -16.1  124.1
  -15.3  124.6
  -14.5  125.1
  -14.4  125.9
  -13.9  126.0
  -13.8  126.9
  -14.1  127.5
  -14.8  128.0
  -14.8  129.0
  -13.8  129.5
  -13.3  130.0
  -12.7  130.0
  -12.4  130.6
  -12.2  131.5
  -12.1  132.4
  -11.6  132.4
  -11.2  132.0
  -11.4  132.8
  -11.9  133.3
  -12.0  134.3
  -12.1  135.0
  -12.0  135.7
  -12.5  136.1
  -12.0  136.4
  -12.3  136.9
 61   13 TASMANIA                               
  -40.8  144.8
  -41.0  145.7
  -41.2  146.5
  -41.0  147.3
  -40.9  148.1
  -41.9  148.3
  -42.8  148.0
  -43.6  147.0
  -43.6  146.0
  -42.9  145.5
  -42.1  145.1
  -41.5  144.9
  -40.8  144.8
 62    5 FIJI                                   
  -17.9  177.0
  -17.2  177.9
  -17.9  178.8
  -18.1  178.0
  -17.9  177.0
 63   31 NEW ZEALAND (NORTH ISLAND)             
  -34.5  172.7
  -35.1  173.9
  -35.9  174.5
  -36.9  174.9
  -37.1  175.3
  -36.5  175.3
  -36.7  175.7
  -37.6  175.9
  -37.9  176.7
  -38.0  177.3
  -37.4  178.0
  -37.5  178.4
  -38.6  178.3
  -39.0  178.0
  -39.2  177.0
  -39.7  177.0
  -40.6  176.4
  -41.1  175.9
  -41.6  175.2
  -41.3  174.5
  -40.7  175.1
  -40.1  175.0
  -39.8  174.3
  -39.3  173.6
  -39.0  174.4
  -38.0  174.8
  -37.4  174.8
  -36.7  174.2
  -36.0  173.7
  -35.4  173.1
  -34.5  172.7
 64   24 NEW ZEALAND (SOUTH ISLAND)             
  -40.7  172.5
  -41.2  173.0
  -41.0  173.9
  -41.8  174.1
  -42.5  173.6
  -43.2  172.7
  -43.9  173.0
  -43.8  172.3
  -44.1  171.2
  -45.0  171.0
  -45.9  170.6
  -46.5  169.4
  -46.4  168.3
  -46.1  167.3
  -45.8  166.4
  -45.0  167.0
  -44.0  168.0
  -43.8  169.0
  -43.1  170.0
  -42.6  171.0
  -41.9  171.2
  -41.7  171.7
  -41.0  172.0
  -40.7  172.5
 65   11 HALMAHERA (MOLUCCAS)                   
    0.0  128.0
    1.0  127.7
    2.0  128.2
    1.0  128.3
    1.3  129.0
    0.6  128.7
    0.2  129.0
    0.3  128.3
    0.0  128.3
   -0.9  128.3
    0.0  128.0
 66    7 SERAM ISLAND (MOLUCCAS)                
   -3.2  128.0
   -2.9  129.1
   -3.0  130.4
   -3.8  130.8
   -3.5  130.0
   -3.5  129.0
   -3.2  128.0
 67    5 MOLUCCAS                               
   -3.8  126.6
   -3.1  126.0
   -3.0  127.0
   -3.6  127.2
   -3.8  126.6
 68    5 TAMIMBAR ISLAND (INDONESIA)            
   -6.9  134.1
   -6.0  134.0
   -5.5  134.5
   -6.2  134.7
   -6.9  134.1
 69    9 TIMOR ISLAND (INDONESIA)               
  -10.3  123.7
   -9.3  124.0
   -8.7  125.2
   -8.5  126.2
   -8.4  127.1
   -9.0  126.1
   -9.4  125.4
  -10.1  124.6
  -10.3  123.7
 70    6 FLORES ISLAND 1 (INDONESIA)            
   -9.7  119.0
   -9.4  120.0
  -10.1  121.0
  -10.3  120.5
  -10.0  120.0
   -9.7  119.0
 71    9 FLORES ISLAND 2 (INDONESIA)            
   -8.7  120.0
   -8.3  120.6
   -8.5  121.6
   -8.5  122.4
   -8.0  123.0
   -8.7  122.8
   -9.0  121.7
   -9.0  120.9
   -8.7  120.0
 72    8 SURABAYA (INDONESIA)                   
   -9.0  115.9
   -8.1  116.1
   -8.4  117.0
   -8.0  117.9
   -8.6  119.1
   -9.0  118.0
   -9.0  117.0
   -9.0  115.9
 73   25 JAVA                                   
   -8.3  115.6
   -8.6  114.3
   -8.3  113.1
   -8.4  112.4
   -8.2  111.5
   -8.0  110.6
   -7.7  109.6
   -7.5  108.7
   -7.8  108.1
   -7.5  107.5
   -7.4  106.3
   -7.0  106.3
   -6.7  105.4
   -6.0  106.0
   -6.0  107.0
   -6.2  108.0
   -6.8  108.5
   -6.9  109.5
   -6.9  110.2
   -6.2  110.7
   -6.6  111.7
   -7.0  112.4
   -7.7  113.0
   -7.7  114.2
   -8.3  115.6
 74   51 CELEBES                                
    0.0  120.1
   -0.8  120.3
   -1.3  120.8
   -1.3  121.2
   -0.8  121.7
   -0.8  122.4
   -0.6  123.4
   -1.0  123.3
   -1.0  123.0
   -1.5  122.3
   -1.9  121.8
   -1.8  121.4
   -2.4  122.0
   -3.1  122.5
   -3.7  122.2
   -4.1  123.0
   -4.6  123.3
   -5.3  123.1
   -5.6  122.7
   -5.2  122.3
   -4.6  122.3
   -4.9  122.0
   -4.7  121.6
   -4.0  121.6
   -3.5  121.0
   -2.6  121.1
   -3.0  120.4
   -4.0  120.4
   -4.7  120.5
   -5.5  120.5
   -5.5  119.5
   -4.6  119.8
   -3.5  119.6
   -3.6  119.0
   -2.8  118.9
   -2.0  119.4
   -1.1  119.5
   -0.7  119.9
    0.0  120.0
    1.0  120.3
    1.3  121.0
    1.0  122.0
    1.0  123.0
    0.9  124.0
    1.6  125.1
    0.5  124.7
    0.3  123.7
    0.4  122.8
    0.4  121.7
    0.3  120.3
    0.0  120.1
 75    7 PALAWAN ISLAND (PHILLIPINES)           
    8.5  117.3
    9.4  118.1
   10.3  119.0
   11.2  119.6
   10.2  119.4
    9.2  118.5
    8.5  117.3
 76   45 BORNEO                                 
    0.0  109.1
    1.0  109.0
    2.0  109.5
    1.8  110.5
    1.6  111.1
    2.3  111.3
    3.0  111.8
    3.1  112.9
    4.0  113.6
    4.6  114.0
    5.0  115.0
    5.0  115.4
    6.0  116.0
    7.0  116.9
    6.5  117.6
    6.0  118.2
    5.3  119.2
    5.0  118.3
    4.4  118.6
    4.2  117.8
    3.5  117.5
    2.3  118.0
    2.0  117.9
    1.4  118.4
    0.9  119.0
    0.8  118.2
    0.7  117.8
    0.0  117.6
   -1.0  117.0
   -1.6  116.3
   -2.1  116.7
   -3.1  116.0
   -3.8  115.4
   -4.1  114.8
   -3.4  114.5
   -3.3  113.6
   -3.0  113.0
   -3.4  111.7
   -2.7  111.6
   -3.0  110.7
   -2.9  110.0
   -1.6  109.9
   -1.2  110.0
   -0.4  109.4
    0.0  109.1
 77   38 SUMATRA                                
    0.0  103.5
   -0.6  103.2
   -1.0  104.2
   -1.9  104.7
   -1.5  105.4
   -1.6  106.1
   -3.0  106.5
   -3.1  106.0
   -4.0  105.9
   -5.0  105.8
   -5.8  105.7
   -5.8  104.6
   -4.9  103.4
   -4.0  102.4
   -3.0  101.5
   -2.0  100.9
   -1.0  100.4
    0.0   99.7
    1.0   99.0
    1.8   98.9
    2.3   97.7
    3.1   97.4
    3.9   96.7
    4.4   95.8
    5.6   95.1
    5.6   95.8
    5.3   96.4
    5.4   97.1
    5.0   98.0
    4.0   98.8
    3.5   99.5
    2.9  100.2
    2.1  100.9
    1.6  101.9
    1.1  102.6
    1.0  103.1
    0.5  103.6
    0.0  103.5
 78    5 ANDAMAN ISLANDS (INDIA)                
   13.5   92.7
   12.5   92.8
   11.7   92.5
   12.6   92.4
   13.5   92.7
 79   10 SRI LANKA                              
   10.0   80.0
    9.7   80.5
    8.9   81.0
    7.7   81.6
    6.9   81.7
    6.3   81.0
    6.1   80.0
    7.3   79.6
    8.7   79.7
   10.0   80.0
 80   35 MADAGASCAR                             
  -12.0   49.3
  -12.8   49.9
  -14.0   50.1
  -15.0   50.4
  -16.0   50.2
  -15.6   49.9
  -16.5   49.8
  -17.3   49.6
  -18.4   49.4
  -19.4   49.0
  -20.6   48.7
  -21.5   48.4
  -22.5   48.0
  -23.5   47.7
  -24.4   47.3
  -25.2   46.8
  -25.3   46.0
  -25.6   45.4
  -25.3   44.7
  -24.8   43.9
  -23.9   43.7
  -22.9   43.3
  -21.9   43.3
  -21.2   43.7
  -20.6   44.2
  -19.8   44.7
  -18.7   44.3
  -17.4   44.0
  -16.3   44.6
  -16.0   45.6
  -15.6   46.6
  -15.0   47.6
  -13.6   48.0
  -13.2   48.9
  -12.0   49.3
 81   14 FALKLAND ISLANDS                       
  -52.1  -60.3
  -52.0  -60.9
  -51.8  -60.3
  -51.6  -60.5
  -51.2  -60.6
  -51.2  -59.8
  -51.2  -58.8
  -51.2  -58.0
  -51.6  -57.7
  -51.7  -58.0
  -52.0  -58.8
  -52.2  -59.6
  -51.8  -59.6
  -52.1  -60.3
 82   24 IRELAND                                
   51.3   -9.6
   52.1  -10.1
   52.4   -9.6
   53.1   -9.1
   53.4  -10.0
   53.7   -9.5
   53.9  -10.0
   54.1   -9.7
   54.1   -8.6
   54.5   -8.0
   54.6   -8.7
   55.1   -7.8
   55.1   -6.9
   55.1   -6.0
   54.6   -5.5
   54.2   -5.5
   53.9   -6.1
   53.2   -6.0
   52.6   -6.1
   52.1   -6.4
   52.0   -7.3
   51.7   -8.0
   51.4   -8.9
   51.3   -9.6
 83   69 GREAT BRITAIN                          
   50.0   -5.8
   50.6   -4.6
   50.9   -4.0
   51.0   -3.1
   51.4   -2.6
   51.3   -3.3
   51.6   -4.2
   51.5   -5.0
   51.8   -5.2
   52.0   -4.0
   52.8   -4.0
   52.7   -4.6
   53.2   -4.2
   53.3   -3.0
   54.0   -2.8
   54.4   -3.6
   54.9   -3.1
   54.7   -4.0
   54.6   -5.0
   55.0   -5.0
   55.4   -4.6
   55.8   -4.9
   55.3   -5.0
   55.3   -5.6
   55.9   -5.6
   56.4   -5.3
   56.2   -5.8
   56.2   -6.2
   56.6   -6.0
   56.9   -5.9
   57.4   -6.6
   57.1   -5.7
   57.7   -5.8
   57.9   -5.2
   58.5   -5.0
   58.5   -4.0
   58.6   -3.0
   58.3   -3.0
   57.9   -4.0
   57.6   -3.7
   57.6   -2.8
   57.6   -1.8
   57.1   -1.8
   56.6   -2.3
   56.2   -2.6
   55.9   -3.0
   55.8   -2.3
   55.5   -1.5
   54.7   -1.2
   54.3   -0.4
   53.6    0.2
   53.1    0.4
   52.8    0.3
   52.9    1.3
   52.3    1.9
   51.9    1.7
   51.6    1.0
   51.3    0.7
   51.2    1.6
   50.8    1.1
   50.6    0.1
   50.7   -0.7
   50.6   -1.7
   50.4   -2.2
   50.5   -3.3
   50.2   -3.6
   50.2   -4.5
   50.0   -5.0
   50.0   -5.8
 84    5 GOTLAND                                
   57.9   19.4
   57.3   19.0
   56.9   18.5
   57.6   18.5
   57.9   19.4
 85   51 SVALBARD 1                             
   76.5   17.0
   77.0   15.4
   77.4   14.1
   78.0   13.9
   78.1   15.0
   78.3   16.0
   78.3   17.0
   78.4   15.8
   78.6   15.0
   78.3   15.0
   78.2   14.0
   78.2   13.0
   78.7   11.8
   79.1   11.4
   79.6   11.0
   79.8   12.0
   79.8   13.0
   79.8   14.0
   79.7   14.0
   79.6   13.0
   79.4   14.0
   79.7   14.7
   79.2   15.8
   79.9   16.0
   80.0   16.8
   79.8   18.0
   79.4   19.0
   79.2   19.0
   79.0   20.0
   78.9   21.0
   78.8   21.7
   78.6   21.6
   78.6   22.1
   78.4   22.5
   78.2   22.2
   78.1   23.5
   77.9   23.5
   77.8   24.5
   77.7   24.9
   77.4   24.0
   77.2   22.7
   77.4   22.6
   77.3   21.0
   77.8   21.7
   78.1   21.0
   78.4   20.3
   78.6   21.2
   78.5   19.7
   78.0   19.0
   77.4   18.0
   76.5   17.0
 86   29 SVALBARD 2                             
   79.4   20.9
   79.6   19.7
   79.6   20.7
   79.7   21.7
   79.8   21.7
   79.7   20.6
   79.7   19.7
   79.7   18.9
   80.2   17.9
   80.2   19.0
   80.4   20.0
   80.2   21.0
   80.2   22.0
   80.0   22.3
   80.4   23.0
   80.4   23.4
   80.2   23.5
   80.3   24.7
   80.2   25.7
   80.1   27.1
   79.8   27.1
   79.6   26.0
   79.4   26.0
   79.3   25.0
   79.1   24.0
   79.1   23.0
   79.4   22.7
   79.4   21.6
   79.4   20.9
 87  352 GREENLAND                              
   59.9  -43.9
   60.1  -44.9
   60.6  -45.6
   60.8  -46.3
   60.8  -47.3
   61.0  -48.4
   61.5  -49.1
   62.2  -49.9
   62.9  -50.5
   63.6  -51.4
   64.1  -52.0
   65.1  -52.2
   65.6  -52.9
   65.9  -53.6
   66.4  -53.5
   66.7  -53.0
   67.0  -53.8
   67.5  -53.6
   68.1  -53.2
   68.4  -52.4
   68.4  -51.5
   68.9  -51.0
   69.3  -50.7
   69.7  -51.2
   70.0  -52.4
   70.2  -53.0
   70.1  -53.2
   69.9  -52.8
   69.7  -52.0
   69.5  -52.0
   69.3  -53.0
   69.2  -54.0
   69.6  -55.0
   70.1  -55.0
   70.3  -54.0
   70.7  -54.6
   70.8  -54.0
   70.7  -53.0
   70.6  -52.0
   70.5  -51.0
   71.0  -51.7
   71.3  -52.5
   71.7  -53.0
   71.5  -54.0
   71.4  -54.8
   71.4  -55.8
   71.7  -56.0
   72.0  -55.3
   72.3  -54.9
   72.7  -54.6
   73.0  -55.2
   73.6  -55.6
   74.1  -56.2
   74.4  -56.5
   74.8  -57.1
   75.1  -58.3
   75.4  -58.6
   75.6  -58.2
   75.8  -59.1
   75.9  -60.1
   76.1  -61.2
   76.2  -62.2
   76.3  -63.2
   76.1  -64.1
   76.1  -65.1
   76.0  -65.8
   76.1  -66.5
   75.9  -66.7
   76.0  -67.9
   76.1  -68.9
   76.4  -69.8
   76.6  -68.9
   76.6  -68.0
   76.7  -69.1
   76.8  -70.0
   76.9  -71.2
   77.1  -71.0
   77.2  -70.0
   77.3  -68.9
   77.3  -67.8
   77.3  -66.9
   77.6  -66.5
   77.5  -67.7
   77.5  -68.7
   77.4  -69.3
   77.6  -70.3
   77.7  -70.8
   77.8  -71.6
   78.0  -72.6
   78.2  -73.0
   78.5  -72.7
   78.6  -71.8
   78.7  -70.9
   78.8  -69.8
   79.1  -68.8
   79.1  -67.7
   79.1  -66.7
   79.3  -65.7
   79.6  -65.0
   79.7  -65.3
   79.8  -64.5
   80.0  -65.2
   80.0  -66.4
   80.1  -67.5
   80.3  -67.7
   80.5  -66.9
   80.7  -65.9
   80.9  -65.0
   81.1  -64.2
   81.2  -63.1
   81.1  -62.2
   81.2  -61.6
   81.4  -62.0
   81.5  -61.4
   81.7  -62.0
   81.9  -61.0
   81.9  -60.0
   81.8  -59.5
   81.6  -59.0
   81.5  -58.0
   81.7  -58.7
   81.9  -59.2
   82.0  -60.0
   82.1  -59.0
   82.1  -58.0
   82.2  -57.0
   82.2  -56.0
   82.3  -55.2
   82.1  -54.0
   82.3  -53.9
   82.3  -52.8
   82.2  -52.5
   82.0  -51.9
   81.9  -51.0
   81.9  -50.1
   82.1  -51.0
   82.2  -51.5
   82.5  -51.9
   82.5  -50.9
   82.4  -49.9
   82.3  -49.5
   82.2  -48.4
   82.1  -47.6
   82.0  -46.9
   81.9  -46.3
   81.8  -45.8
   81.9  -45.0
   82.1  -46.0
   82.3  -47.0
   82.4  -47.8
   82.7  -48.4
   82.7  -47.4
   82.6  -46.1
   82.4  -45.0
   82.7  -46.5
   82.7  -45.4
   82.7  -44.3
   82.7  -43.4
   82.8  -44.6
   82.8  -45.7
   82.8  -46.6
   82.8  -47.6
   82.7  -48.5
   82.8  -49.3
   82.9  -48.7
   83.0  -47.6
   83.1  -46.9
   83.1  -46.0
   83.2  -45.0
   83.2  -44.0
   83.2  -43.0
   83.2  -42.0
   83.2  -41.0
   83.3  -40.0
   83.4  -39.0
   83.6  -38.0
   83.6  -37.0
   83.6  -36.0
   83.6  -35.0
   83.6  -34.0
   83.6  -33.0
   83.6  -32.0
   83.6  -31.0
   83.6  -30.0
   83.7  -28.9
   83.6  -28.0
   83.5  -27.0
   83.4  -26.0
   83.3  -27.0
   83.3  -28.0
   83.3  -29.0
   83.3  -30.0
   83.2  -31.0
   83.2  -30.0
   83.2  -29.0
   83.2  -28.0
   83.2  -27.0
   83.3  -26.0
   83.3  -25.0
   83.0  -24.3
   82.9  -24.8
   83.0  -23.4
   82.8  -22.0
   82.7  -21.0
   82.6  -20.1
   82.5  -21.0
   82.4  -21.8
   82.3  -22.4
   82.3  -23.4
   82.3  -24.4
   82.3  -25.5
   82.3  -26.4
   82.3  -27.4
   82.3  -28.4
   82.3  -29.4
   82.3  -30.3
   82.1  -31.6
   82.0  -32.4
   81.9  -33.6
   81.7  -33.8
   81.7  -33.0
   81.9  -32.0
   82.0  -31.0
   82.1  -29.8
   82.1  -28.7
   82.1  -27.6
   82.1  -26.7
   82.1  -25.7
   82.1  -25.3
   81.8  -25.6
   81.7  -27.0
   81.7  -26.0
   81.7  -25.0
   81.7  -24.0
   82.0  -23.9
   82.1  -23.0
   82.1  -22.0
   81.9  -21.4
   81.6  -21.8
   81.5  -22.1
   81.4  -23.2
   81.2  -24.0
   81.0  -24.7
   81.1  -23.2
   81.2  -22.1
   81.3  -21.0
   81.6  -20.0
   81.7  -19.5
   81.6  -18.7
   81.7  -17.2
   81.8  -16.2
   81.8  -15.1
   81.7  -14.1
   81.7  -13.1
   81.5  -12.1
   81.3  -11.7
   81.1  -12.7
   80.9  -13.5
   81.0  -14.9
   80.7  -14.4
   80.6  -15.6
   80.6  -16.9
   80.5  -18.0
   80.5  -17.0
   80.4  -15.9
   80.1  -17.0
   80.1  -17.9
   80.1  -19.0
   80.0  -18.2
   80.0  -17.2
   79.8  -17.7
   79.6  -18.2
   79.5  -18.0
   79.3  -18.8
   79.1  -18.5
   78.9  -19.4
   78.1  -19.2
   77.8  -19.8
   77.5  -18.9
   77.2  -18.2
   76.8  -18.3
   76.8  -19.7
   76.9  -20.9
   76.7  -21.6
   76.2  -21.5
   76.2  -20.4
   76.1  -19.7
   75.7  -19.4
   75.4  -18.8
   75.3  -17.8
   75.0  -17.4
   75.0  -18.9
   75.1  -20.0
   74.8  -19.9
   74.5  -19.1
   74.2  -19.2
   74.1  -20.2
   74.0  -21.3
   73.8  -20.0
   73.4  -20.3
   73.3  -21.5
   73.2  -22.3
   73.2  -23.1
   72.9  -22.4
   72.8  -21.8
   72.4  -21.7
   72.1  -22.0
   72.2  -23.0
   72.4  -24.1
   72.0  -23.0
   71.6  -22.2
   71.3  -21.6
   70.4  -21.6
   70.4  -22.8
   70.6  -23.9
   71.2  -24.4
   71.3  -25.2
   70.9  -25.0
   70.5  -25.0
   70.2  -26.1
   70.2  -25.0
   70.2  -23.9
   70.1  -23.0
   70.1  -22.0
   69.7  -23.0
   69.4  -24.0
   69.0  -25.0
   68.7  -26.0
   68.5  -27.0
   68.4  -28.0
   68.2  -29.0
   68.0  -30.0
   68.0  -31.0
   68.0  -31.7
   67.2  -32.8
   66.7  -33.8
   66.2  -34.8
   65.9  -36.0
   65.5  -37.0
   65.6  -38.0
   65.5  -39.0
   64.9  -40.0
   64.2  -40.0
   64.1  -40.8
   63.6  -40.4
   63.1  -41.1
   62.8  -42.0
   62.1  -42.0
   61.4  -42.3
   60.8  -42.7
   60.1  -43.0
   59.9  -43.9
 88   54 ICELAND                                
   63.3  -18.6
   63.3  -19.4
   63.4  -20.2
   63.7  -20.6
   63.8  -21.6
   63.9  -22.7
   64.0  -21.9
   64.6  -22.4
   64.6  -23.5
   64.8  -23.8
   64.8  -23.0
   65.0  -22.0
   65.0  -22.5
   65.3  -21.7
   65.4  -22.5
   65.3  -23.5
   65.4  -24.3
   65.8  -23.7
   66.1  -23.2
   66.3  -23.0
   66.3  -22.3
   66.1  -21.7
   65.8  -21.2
   65.5  -21.3
   65.2  -21.0
   65.6  -20.6
   65.6  -20.2
   66.0  -20.2
   65.7  -19.4
   66.0  -19.4
   66.0  -18.6
   66.1  -17.9
   65.9  -17.4
   66.1  -16.5
   66.5  -16.4
   66.4  -15.8
   66.2  -15.5
   66.3  -14.7
   66.0  -14.9
   65.9  -14.5
   65.7  -14.5
   65.5  -13.6
   65.1  -13.5
   64.8  -13.6
   64.6  -14.0
   64.7  -14.3
   64.3  -14.3
   64.1  -15.0
   64.2  -15.2
   63.9  -16.0
   63.7  -16.6
   63.6  -17.3
   63.4  -18.1
   63.3  -18.6
 89  424 ANTARCTICA                             
  -78.2 -176.6
  -78.3 -177.7
  -78.3 -175.5
  -78.3 -173.2
  -78.3 -170.9
  -78.2 -168.5
  -78.3 -166.5
  -78.2 -164.4
  -78.0 -162.2
  -77.8 -160.1
  -77.6 -159.0
  -77.2 -158.2
  -77.0 -156.2
  -76.9 -154.9
  -76.9 -153.0
  -76.8 -151.2
  -76.5 -150.0
  -76.2 -148.9
  -76.2 -147.1
  -76.1 -145.2
  -75.9 -146.0
  -75.6 -144.0
  -75.4 -142.8
  -75.4 -141.1
  -75.3 -140.0
  -75.0 -138.5
  -74.9 -137.0
  -74.5 -135.9
  -74.3 -134.8
  -74.3 -133.0
  -74.2 -131.0
  -74.1 -129.2
  -74.0 -127.5
  -74.0 -125.7
  -73.8 -124.5
  -73.6 -123.4
  -73.1 -123.3
  -73.4 -121.5
  -73.5 -120.0
  -73.6 -119.0
  -73.7 -117.9
  -73.7 -116.0
  -73.7 -114.4
  -73.8 -113.0
  -73.6 -112.0
  -73.8 -111.2
  -73.9 -110.1
  -73.9 -109.0
  -74.0 -108.0
  -74.4 -108.0
  -74.5 -106.8
  -73.8 -106.8
  -73.8 -105.5
  -74.6 -105.0
  -74.4 -103.4
  -74.4 -102.0
  -75.0 -101.2
  -75.0 -100.5
  -74.3 -101.0
  -74.0 -100.6
  -73.8 -101.2
  -73.5 -101.5
  -73.5 -100.0
  -73.4  -99.0
  -73.2 -100.1
  -73.2 -101.7
  -72.8 -102.1
  -72.4 -101.7
  -72.1 -102.2
  -72.0 -101.0
  -71.8 -100.8
  -71.7  -99.7
  -71.8  -98.3
  -71.8  -97.1
  -72.0  -96.1
  -72.1  -95.6
  -72.6  -95.3
  -72.9  -94.1
  -72.7  -93.0
  -72.6  -92.1
  -72.5  -90.8
  -72.4  -89.2
  -72.7  -88.3
  -73.1  -89.1
  -73.2  -87.3
  -73.2  -85.7
  -73.3  -84.3
  -73.3  -83.0
  -73.7  -82.0
  -73.6  -81.0
  -73.1  -80.4
  -73.3  -78.9
  -73.1  -78.0
  -72.8  -78.7
  -72.6  -77.7
  -72.8  -76.1
  -72.9  -75.0
  -73.0  -73.7
  -73.1  -72.5
  -72.6  -72.5
  -72.3  -73.4
  -72.0  -75.0
  -71.7  -75.9
  -71.1  -76.6
  -71.4  -75.0
  -71.0  -74.9
  -71.0  -73.5
  -70.6  -74.0
  -70.7  -75.2
  -70.4  -74.5
  -70.0  -74.6
  -69.8  -76.0
  -69.4  -76.0
  -69.4  -75.0
  -69.4  -74.0
  -69.4  -73.0
  -69.1  -73.3
  -68.8  -72.1
  -68.6  -71.0
  -68.9  -70.0
  -69.4  -69.5
  -69.3  -68.5
  -69.0  -67.8
  -68.3  -67.2
  -67.7  -67.7
  -67.6  -69.0
  -67.0  -69.0
  -66.7  -68.0
  -67.0  -67.4
  -66.8  -66.7
  -66.6  -65.8
  -66.2  -65.8
  -66.0  -65.1
  -65.4  -64.2
  -64.9  -64.2
  -64.9  -63.1
  -64.6  -62.2
  -64.3  -61.7
  -64.0  -61.0
  -63.7  -60.1
  -63.6  -59.3
  -63.3  -58.5
  -63.0  -57.6
  -63.0  -56.5
  -63.5  -57.0
  -63.6  -58.3
  -63.9  -59.0
  -64.4  -59.2
  -64.8  -59.0
  -65.4  -59.3
  -65.8  -59.7
  -66.3  -60.0
  -66.8  -60.6
  -67.4  -60.8
  -67.9  -60.7
  -68.4  -60.7
  -68.9  -60.6
  -69.4  -60.7
  -69.9  -60.8
  -70.3  -60.8
  -70.6  -60.9
  -71.2  -60.2
  -71.6  -60.2
  -72.1  -60.0
  -72.5  -60.0
  -73.0  -60.0
  -73.4  -59.8
  -73.7  -60.0
  -74.1  -60.6
  -74.6  -61.3
  -74.7  -61.9
  -75.1  -60.9
  -75.4  -59.7
  -75.7  -58.6
  -76.1  -57.0
  -76.4  -55.2
  -76.6  -54.0
  -76.9  -52.1
  -77.1  -50.8
  -77.3  -49.5
  -77.7  -47.7
  -77.9  -46.0
  -78.0  -45.0
  -77.9  -43.5
  -77.6  -42.4
  -77.7  -40.4
  -78.0  -39.9
  -78.0  -37.0
  -77.7  -35.9
  -77.4  -35.0
  -77.2  -33.6
  -77.1  -32.5
  -76.9  -31.2
  -76.6  -30.0
  -76.4  -29.3
  -76.2  -28.2
  -76.0  -27.0
  -75.7  -26.5
  -75.4  -26.3
  -75.1  -24.9
  -74.8  -24.0
  -74.4  -24.0
  -74.2  -23.0
  -74.0  -21.9
  -73.7  -20.6
  -73.4  -20.0
  -73.0  -19.7
  -72.7  -19.0
  -72.7  -18.0
  -72.6  -16.5
  -72.3  -15.7
  -72.0  -15.0
  -72.0  -13.7
  -71.8  -12.4
  -71.4  -12.0
  -71.0  -10.7
  -70.8  -10.0
  -70.4   -9.3
  -70.4   -8.1
  -70.4   -6.7
  -70.3   -5.3
  -70.3   -4.0
  -70.2   -2.8
  -70.0   -1.6
  -69.0   -0.5
  -69.6    0.2
  -69.9    1.2
  -69.9    3.0
  -70.0    4.5
  -70.0    5.5
  -69.8    6.6
  -69.8    8.0
  -69.9    9.1
  -70.0   10.2
  -69.8   11.3
  -69.8   12.4
  -69.5   13.3
  -69.4   14.1
  -69.1   15.0
  -69.6   16.0
  -69.7   17.0
  -69.8   18.3
  -69.8   19.4
  -69.9   20.4
  -70.1   21.9
  -70.2   22.9
  -70.2   24.0
  -70.1   25.3
  -70.0   26.3
  -69.8   27.7
  -69.6   28.9
  -69.3   30.2
  -69.5   31.2
  -69.6   32.5
  -69.1   33.0
  -68.6   34.0
  -68.9   34.8
  -69.1   35.9
  -69.5   36.9
  -69.5   37.8
  -69.9   38.0
  -69.7   39.0
  -69.5   39.8
  -68.9   39.8
  -68.2   41.1
  -68.0   42.0
  -67.9   43.1
  -67.7   44.2
  -67.6   45.4
  -67.3   46.3
  -67.6   47.0
  -67.5   48.0
  -67.3   49.0
  -67.1   48.0
  -67.0   49.5
  -67.1   50.3
  -66.3   50.3
  -66.0   51.2
  -65.8   52.0
  -65.7   53.0
  -65.8   54.0
  -66.0   55.0
  -66.2   56.0
  -66.5   56.8
  -67.0   56.6
  -67.0   57.9
  -67.3   59.0
  -67.6   59.5
  -67.5   60.7
  -67.5   62.0
  -67.6   63.1
  -67.6   64.7
  -67.7   66.0
  -67.9   67.2
  -67.9   68.9
  -67.9   69.6
  -68.8   70.3
  -68.4   71.8
  -68.2   72.6
  -68.9   73.8
  -69.2   75.2
  -69.1   76.5
  -69.3   77.0
  -68.9   77.9
  -68.5   78.7
  -68.1   79.4
  -67.9   80.6
  -67.5   81.4
  -67.1   82.0
  -66.3   81.4
  -65.9   81.7
  -66.1   82.5
  -66.4   83.3
  -66.4   84.2
  -66.6   85.1
  -66.3   85.9
  -66.1   86.9
  -66.0   87.7
  -66.5   88.9
  -66.8   89.0
  -66.9   90.0
  -66.6   91.1
  -66.5   92.4
  -66.5   93.4
  -66.6   94.5
  -66.1   95.0
  -65.3   95.6
  -65.0   96.5
  -65.1   97.3
  -65.4   98.0
  -65.8   99.0
  -65.6  100.0
  -65.3  100.9
  -65.6  101.8
  -65.4  102.8
  -65.3  103.8
  -65.5  104.6
  -65.9  105.0
  -66.1  106.0
  -66.2  107.0
  -66.4  108.0
  -66.9  109.0
  -66.4  110.4
  -66.0  111.0
  -65.7  111.8
  -65.6  112.5
  -65.8  113.8
  -66.0  114.5
  -66.4  115.5
  -66.8  116.7
  -67.0  117.4
  -67.0  118.3
  -67.0  119.3
  -66.7  121.0
  -65.9  121.0
  -66.1  122.0
  -66.3  122.8
  -66.0  123.3
  -66.0  124.3
  -66.0  125.3
  -66.1  126.2
  -66.6  127.0
  -67.0  127.8
  -67.1  129.1
  -66.9  130.0
  -65.6  130.6
  -65.9  131.4
  -66.0  132.0
  -66.0  133.5
  -66.0  134.4
  -66.0  135.6
  -66.1  136.5
  -66.3  137.9
  -66.5  139.0
  -66.7  140.0
  -66.8  141.0
  -66.9  142.0
  -67.1  142.9
  -67.0  143.6
  -67.0  144.6
  -67.6  145.6
  -67.9  147.2
  -68.0  148.3
  -68.3  148.3
  -68.3  149.5
  -68.4  150.3
  -68.3  151.2
  -68.2  152.4
  -68.2  153.6
  -68.2  154.8
  -69.0  156.0
  -69.2  157.2
  -69.3  158.6
  -69.6  159.8
  -70.0  160.8
  -70.4  161.2
  -70.5  163.0
  -70.9  164.0
  -70.7  165.0
  -70.6  166.9
  -71.0  167.8
  -71.2  169.0
  -71.7  170.3
  -72.3  170.6
  -72.9  169.9
  -73.4  168.8
  -74.0  168.0
  -74.3  167.0
  -74.8  167.0
  -74.7  165.6
  -75.0  164.6
  -75.6  163.7
  -76.6  163.7
  -77.5  164.0
  -78.3  164.7
  -78.0  167.3
  -77.6  167.3
  -77.3  168.2
  -77.4  170.0
  -77.3  172.0
  -77.5  173.3
  -77.8  175.5
  -77.9  178.0
  -78.2 -176.6
 90 1387 AFRICA/EURASIA                         
   68.7  170.0
   69.0  170.8
   70.0  170.3
   70.0  171.0
   69.9  172.0
   69.8  173.0
   69.7  174.0
   69.8  175.0
   69.7  176.0
   69.5  177.0
   69.4  178.0
   69.2  179.0
   68.9  179.8
   68.6 -179.0
   68.3 -178.0
   68.0 -177.0
   67.6 -176.0
   67.4 -175.0
   66.6 -175.0
   66.4 -174.1
   67.0 -174.5
   67.0 -173.3
   66.9 -171.9
   66.5 -171.1
   66.0 -170.0
   65.6 -170.8
   65.4 -171.6
   65.6 -172.7
   64.9 -172.3
   64.6 -173.0
   64.3 -172.5
   64.1 -173.2
   64.4 -174.2
   64.7 -175.3
   64.8 -176.2
   65.3 -176.2
   65.5 -177.1
   65.3 -177.7
   65.4 -178.8
   66.2 -178.8
   66.1 -179.9
   65.6 -179.5
   65.1 -179.9
   64.6  179.0
   64.6  178.0
   64.9  177.0
   64.5  176.2
   64.5  177.2
   64.2  178.0
   63.1  179.0
   62.6  179.6
   62.3  178.8
   62.4  178.0
   62.5  177.0
   62.2  176.0
   62.0  175.0
   61.7  174.0
   61.4  173.0
   61.0  172.0
   60.5  171.0
   59.9  170.1
   60.4  169.5
   60.5  168.6
   60.4  167.7
   60.3  166.9
   59.8  165.9
   60.4  166.0
   60.2  165.3
   59.8  164.7
   60.0  164.2
   59.7  163.3
   58.9  162.7
   58.4  162.0
   57.7  162.2
   57.9  162.6
   57.7  163.1
   57.3  162.6
   56.6  162.7
   56.6  163.1
   55.9  162.9
   56.3  162.7
   56.2  162.0
   55.4  161.5
   54.7  162.0
   54.5  161.1
   54.0  160.0
   53.1  159.9
   53.0  159.0
   52.2  158.4
   51.5  157.7
   50.9  156.7
   52.0  156.4
   53.0  156.0
   54.0  155.8
   55.0  155.3
   56.0  155.6
   56.9  156.5
   57.5  157.0
   57.9  156.9
   58.0  158.0
   58.4  159.0
   58.9  159.7
   59.5  160.4
   59.9  161.4
   60.4  161.9
   60.5  162.7
   60.8  163.6
   61.3  163.7
   62.2  164.0
   62.4  165.0
   62.6  164.0
   62.4  163.1
   61.4  162.0
   60.9  161.0
   60.6  160.0
   61.3  159.9
   61.9  160.3
   61.6  159.5
   61.9  158.7
   61.8  157.7
   61.4  156.7
   60.7  156.8
   60.3  154.8
   59.5  154.1
   59.2  155.0
   59.0  154.0
   59.0  153.0
   58.8  152.0
   58.8  151.0
   59.2  152.0
   59.5  151.0
   59.6  150.0
   59.7  149.0
   59.2  148.7
   59.2  147.6
   59.4  146.4
   59.1  146.0
   59.4  145.6
   59.4  144.6
   59.3  143.8
   59.3  143.0
   59.0  142.0
   58.4  141.0
   57.7  140.0
   57.1  139.0
   56.3  138.0
   55.7  137.0
   55.1  136.0
   54.7  135.2
   54.4  136.0
   54.6  136.9
   53.8  137.0
   54.2  137.7
   53.6  137.5
   53.8  138.4
   54.2  138.8
   54.2  139.8
   53.8  140.4
   53.3  141.4
   53.5  141.2
   52.2  141.5
   51.6  141.0
   51.0  140.6
   50.0  140.7
   49.0  140.4
   48.0  139.6
   47.0  138.6
   46.0  138.0
   45.2  137.0
   44.3  136.0
   43.5  135.0
   42.8  134.0
   42.8  133.0
   43.3  132.0
   42.7  131.0
   42.0  130.0
   41.0  129.8
   40.5  129.0
   40.0  127.8
   39.1  127.6
   38.4  128.7
   37.7  129.3
   37.0  129.6
   36.0  129.7
   35.2  129.2
   35.0  128.4
   34.9  127.5
   34.4  126.6
   35.3  126.3
   35.9  126.9
   36.8  126.2
   37.0  127.0
   37.8  126.4
   37.7  125.3
   38.1  124.9
   38.8  125.1
   39.4  125.5
   39.8  124.7
   39.9  123.9
   39.6  123.0
   39.3  122.2
   38.8  121.8
   38.8  121.0
   39.2  121.6
   39.5  121.4
   40.1  122.0
   40.6  122.3
   41.0  121.8
   40.7  120.8
   40.0  119.8
   39.2  119.0
   39.2  118.0
   38.6  117.6
   38.0  118.4
   37.4  118.9
   37.0  119.7
   37.8  120.9
   37.4  121.5
   37.6  122.2
   36.9  122.4
   36.9  121.7
   36.5  121.0
   36.0  120.3
   35.6  119.7
   35.0  119.2
   34.2  120.2
   33.0  120.9
   31.9  121.9
   30.9  121.9
   30.4  120.7
   30.0  122.0
   29.0  121.6
   28.1  121.0
   27.0  120.1
   25.9  119.6
   25.2  119.0
   24.3  118.1
   23.6  117.1
   23.0  116.3
   22.8  115.3
   22.6  114.4
   22.5  113.4
   21.9  112.7
   21.7  111.7
   21.4  111.0
   21.4  110.4
   20.5  110.5
   20.3  110.0
   21.0  109.6
   21.7  109.0
   21.6  108.0
   21.0  107.0
   20.0  106.0
   19.0  105.7
   18.0  106.4
   17.3  107.0
   16.4  108.0
   15.2  109.0
   14.0  109.2
   13.0  109.4
   12.0  109.2
   11.1  108.6
   10.8  107.7
   10.4  106.9
    9.6  106.1
    9.0  105.3
    8.6  104.9
    9.4  104.6
   10.1  104.9
   10.7  104.0
   11.0  103.0
   12.1  102.6
   12.8  102.0
   12.7  101.0
   13.5  101.0
   13.4  100.0
   12.0  100.0
   11.0   99.4
   10.0   99.1
    9.2   99.3
    9.4   99.9
    8.3  100.1
    7.4  100.5
    6.9  100.9
    7.0  101.6
    6.3  102.4
    5.3  103.0
    4.3  103.4
    3.3  103.3
    2.3  103.9
    1.4  104.1
    1.3  103.5
    2.0  102.7
    2.5  101.9
    3.5  101.2
    4.3  100.6
    5.9  100.4
    7.0   99.9
    7.8   99.3
    8.2   98.4
    9.1   98.3
   10.0   98.6
   11.1   98.7
   12.3   98.7
   13.3   98.6
   14.4   98.0
   15.3   97.8
   16.3   97.7
   17.0   97.0
   16.3   96.0
   15.8   95.2
   16.0   94.1
   17.1   94.3
   18.3   94.2
   19.0   93.8
   19.6   93.3
   19.8   93.6
   20.2   92.7
   21.1   92.0
   22.0   91.7
   23.0   91.2
   22.7   90.4
   22.0   89.9
   21.9   89.0
   21.7   88.0
   22.2   87.9
   21.8   87.5
   21.3   86.7
   20.8   86.9
   20.0   86.1
   19.7   85.0
   19.0   84.4
   18.3   83.7
   17.6   83.0
   17.0   82.1
   16.4   81.9
   16.3   81.1
   15.9   80.9
   15.9   80.3
   15.3   79.9
   14.4   80.0
   13.4   80.0
   12.6   80.0
   11.7   79.6
   10.6   79.7
    9.6   78.9
    9.0   78.0
    8.2   77.4
    9.0   76.4
   10.2   76.0
   11.3   75.7
   12.2   75.0
   13.3   74.6
   14.4   74.2
   15.2   73.8
   16.0   73.4
   17.0   73.0
   18.0   72.8
   19.0   72.6
   20.0   72.4
   21.0   72.7
   21.7   72.4
   22.4   72.3
   21.4   72.0
   21.0   71.0
   21.1   70.0
   22.0   69.2
   22.5   68.8
   22.6   69.7
   23.0   70.1
   23.0   69.1
   23.8   68.0
   24.1   67.3
   24.9   67.0
   25.0   66.6
   25.5   66.6
   25.7   65.9
   25.5   65.0
   25.3   64.0
   25.2   63.0
   25.1   62.0
   25.2   61.0
   25.4   60.0
   25.5   58.7
   25.7   57.6
   26.3   57.4
   27.0   57.1
   27.0   56.2
   26.4   54.9
   26.6   53.9
   27.1   53.0
   27.7   52.4
   27.9   51.8
   28.6   51.4
   29.4   50.9
   30.1   50.3
   30.2   49.7
   30.7   49.4
   30.0   48.9
   29.4   48.4
   28.6   48.9
   27.9   49.3
   27.0   50.0
   26.3   50.5
   25.6   50.5
   25.3   51.0
   26.1   51.5
   25.6   51.9
   25.0   52.0
   25.4   51.7
   24.1   52.3
   24.2   53.0
   24.1   54.0
   25.0   55.0
   25.7   56.0
   26.3   56.5
   25.2   56.6
   24.3   57.2
   23.8   58.0
   23.5   59.0
   22.8   59.4
   22.4   60.0
   21.4   59.3
   20.4   58.6
   20.1   58.0
   19.0   58.1
   18.8   57.1
   18.0   56.9
   17.7   55.8
   17.0   55.3
   17.0   54.6
   16.7   53.8
   16.3   53.0
   15.6   52.5
   15.2   51.6
   14.9   50.6
   14.7   49.9
   14.0   49.0
   13.9   48.2
   13.3   47.0
   13.3   46.0
   12.9   45.2
   12.7   44.3
   12.8   43.7
   13.4   43.4
   14.3   43.2
   15.3   42.8
   16.4   43.0
   17.3   42.4
   18.0   41.7
   19.2   41.1
   20.1   40.4
   20.8   39.4
   21.7   39.1
   22.5   39.2
   23.5   38.7
   24.1   38.1
   24.4   37.4
   25.1   37.3
   26.0   36.9
   26.8   36.2
   27.6   35.8
   28.2   35.0
   28.0   34.3
   28.8   33.4
   30.0   32.8
   29.0   32.9
   28.0   33.7
   27.0   34.2
   26.0   34.6
   25.0   35.1
   24.0   35.8
   22.9   36.0
   22.2   37.0
   21.0   37.4
   20.0   37.4
   18.9   37.7
   18.3   38.5
   17.4   39.1
   16.3   39.4
   15.6   39.6
   15.0   40.6
   14.6   41.4
   13.9   42.0
   13.0   43.0
   12.1   43.7
   11.6   42.9
   11.6   43.6
   10.7   44.2
   10.4   44.9
   10.8   46.2
   10.6   46.9
   11.1   47.6
   11.1   48.4
   11.3   49.0
   11.2   49.4
   11.6   50.4
   12.0   51.0
   11.8   51.5
   10.9   51.4
   10.0   51.1
    9.0   50.9
    8.0   50.2
    7.0   49.7
    6.0   49.4
    5.0   48.6
    4.0   47.8
    3.1   47.0
    2.3   46.0
    1.7   45.0
    1.0   44.0
    0.0   43.2
   -1.0   42.2
   -2.0   41.3
   -2.6   40.6
   -3.7   40.0
   -4.7   39.5
   -5.5   39.2
   -6.2   39.0
   -7.0   39.8
   -8.0   39.7
   -9.0   39.8
  -10.0   40.1
  -10.7   40.8
  -11.8   40.6
  -12.9   40.6
  -14.0   40.6
  -14.9   40.9
  -15.6   40.7
  -16.3   40.0
  -17.1   39.0
  -17.3   38.0
  -17.9   37.3
  -18.7   36.5
  -19.4   35.6
  -20.0   35.1
  -20.6   34.9
  -21.4   35.3
  -22.3   35.7
  -23.0   35.7
  -24.0   35.6
  -24.7   35.3
  -25.0   34.2
  -25.4   33.3
  -26.0   33.0
  -27.0   33.1
  -28.0   32.9
  -29.0   32.0
  -30.0   31.0
  -31.0   30.5
  -31.6   29.8
  -32.4   29.0
  -33.2   28.0
  -33.7   27.0
  -33.8   26.0
  -34.2   25.0
  -34.0   24.1
  -34.0   23.0
  -34.1   22.0
  -34.4   21.0
  -34.9   20.0
  -34.4   19.0
  -33.8   18.4
  -32.8   18.0
  -32.4   18.4
  -31.5   18.0
  -30.7   17.4
  -29.7   17.0
  -28.8   16.7
  -28.1   16.0
  -27.2   15.3
  -26.0   15.0
  -25.0   15.0
  -24.1   14.5
  -23.0   14.5
  -22.3   14.6
  -21.5   13.8
  -20.6   13.3
  -19.7   12.7
  -18.8   12.2
  -17.8   11.7
  -16.7   11.7
  -15.4   12.0
  -14.4   12.2
  -13.5   12.6
  -12.7   13.0
  -12.4   13.6
  -11.4   13.8
  -10.4   13.7
   -9.8   13.2
   -9.0   12.9
   -8.2   13.3
   -7.0   12.9
   -6.1   12.3
   -5.0   12.0
   -4.0   11.2
   -3.0   10.3
   -2.0    9.5
   -0.8    8.9
   -0.1    9.4
    1.0    9.8
    2.0   10.1
    3.1   10.3
    4.0    9.7
    4.6    9.0
    4.5    8.0
    4.4    7.0
    4.3    6.2
    5.0    5.6
    6.0    5.1
    6.4    4.0
    6.4    3.0
    6.3    2.0
    5.9    1.0
    5.6    0.0
    5.2   -1.0
    4.8   -2.0
    5.0   -3.0
    5.2   -4.0
    5.1   -5.0
    4.9   -6.0
    4.5   -7.1
    4.3   -7.6
    4.7   -8.6
    5.1   -9.3
    5.9  -10.0
    6.6  -11.0
    7.1  -12.0
    8.0  -12.8
    9.0  -13.1
   10.0  -13.9
   11.0  -15.0
   12.0  -15.3
   12.0  -16.3
   12.4  -16.7
   13.4  -16.7
   14.4  -16.8
   15.0  -17.3
   15.7  -16.5
   16.7  -16.3
   17.6  -16.0
   18.8  -16.0
   19.6  -16.5
   20.3  -16.2
   21.1  -17.0
   22.1  -16.7
   23.0  -16.1
   24.0  -15.6
   24.9  -14.9
   26.0  -14.4
   26.6  -13.8
   27.3  -13.2
   28.0  -12.6
   28.3  -11.7
   28.8  -11.0
   29.1  -10.3
   29.6   -9.9
   30.2   -9.5
   30.8   -9.9
   31.6   -9.8
   32.1   -9.3
   32.9   -8.9
   33.3   -8.5
   33.6   -7.6
   34.1   -6.9
   35.0   -6.3
   35.5   -6.1
   35.9   -5.6
   35.5   -5.0
   35.2   -4.3
   35.4   -3.2
   35.2   -2.3
   35.5   -1.3
   36.0   -0.6
   36.2    0.2
   36.6    1.3
   36.8    2.2
   36.9    3.5
   36.9    4.5
   36.7    5.4
   37.0    6.3
   36.9    7.1
   36.9    8.0
   37.0    9.0
   37.3    9.9
   37.1   10.5
   37.1   11.2
   36.6   11.0
   36.2   10.7
   35.6   11.2
   35.0   11.1
   34.6   10.7
   34.2   10.2
   33.6   10.7
   33.2   11.4
   33.0   12.3
   32.9   13.3
   32.7   14.3
   32.3   15.3
   31.5   15.9
   31.2   16.9
   31.0   17.9
   30.6   18.7
   30.3   19.5
   31.0   20.3
   32.0   20.0
   32.7   21.0
   33.0   22.0
   32.7   23.3
   32.3   23.0
   32.1   24.1
   32.0   25.1
   31.6   25.4
   31.7   26.4
   31.4   27.2
   31.1   28.4
   30.9   29.3
   31.2   30.0
   31.4   31.0
   31.4   32.0
   31.0   32.7
   31.0   33.4
   31.1   34.4
   32.0   35.0
   33.0   35.3
   34.0   35.9
   34.7   36.2
   35.6   36.0
   36.7   36.4
   36.5   35.6
   36.8   35.0
   36.1   34.0
   36.0   32.9
   36.6   32.0
   36.8   31.0
   36.1   30.7
   36.0   30.0
   36.5   29.1
   36.7   28.2
   37.4   27.6
   38.0   27.3
   38.3   26.5
   38.8   27.3
   39.4   26.4
   40.2   26.6
   40.7   27.0
   40.9   26.0
   40.9   25.0
   40.7   24.0
   40.1   24.5
   40.0   23.7
   40.5   22.8
   39.6   23.2
   38.9   23.7
   38.5   24.5
   37.9   24.9
   38.1   24.3
   37.7   24.2
   37.9   23.3
   37.2   23.6
   37.3   23.0
   36.4   23.4
   36.6   23.0
   36.2   22.6
   36.9   22.3
   36.6   22.1
   37.0   21.8
   37.9   21.4
   38.1   22.0
   38.3   21.3
   39.0   21.0
   39.9   20.2
   40.6   19.6
   41.7   19.9
   42.3   19.1
   42.9   18.0
   43.4   17.0
   43.8   16.0
   44.6   15.1
   45.0   15.1
   45.2   14.6
   44.8   14.1
   45.6   13.7
   45.4   12.5
   45.0   12.6
   44.3   12.5
   43.9   13.1
   43.5   14.0
   42.9   14.1
   42.3   14.7
   41.9   15.5
   41.9   16.4
   41.6   16.2
   41.2   17.0
   40.8   18.0
   40.2   18.9
   39.9   18.6
   40.3   18.2
   40.6   17.3
   39.9   16.9
   39.5   17.4
   39.0   17.4
   38.8   16.9
   38.3   16.9
   37.9   16.3
   38.0   16.0
   38.7   16.0
   38.9   16.4
   39.7   16.1
   40.0   15.6
   40.5   14.9
   41.0   14.2
   41.3   14.0
   41.4   13.0
   42.0   12.2
   42.7   11.1
   43.0   10.6
   44.0   10.3
   44.2    9.5
   44.4    8.9
   43.8    8.2
   43.5    7.2
   43.1    6.6
   43.1    5.9
   43.4    5.0
   43.6    4.0
   43.0    3.1
   42.1    3.3
   41.7    2.8
   41.3    2.0
   41.0    1.0
   40.1    0.1
   39.6   -0.3
   38.9    0.2
   38.3   -0.3
   37.7   -0.7
   37.4   -1.6
   36.9   -2.0
   36.8   -3.0
   36.7   -4.0
   36.4   -5.0
   36.1   -5.4
   36.4   -6.2
   37.0   -6.4
   37.2   -7.0
   37.0   -7.7
   37.0   -8.9
   38.0   -8.7
   38.5   -8.8
   38.5   -9.2
   39.4   -9.3
   40.2   -8.8
   41.0   -8.6
   42.3   -8.6
   43.1   -9.1
   43.4   -8.2
   43.7   -7.9
   43.6   -6.8
   43.6   -5.9
   43.5   -4.8
   43.5   -3.8
   43.4   -2.7
   43.3   -1.8
   43.6   -1.3
   44.3   -1.1
   45.0   -1.0
   46.0   -1.0
   46.9   -2.0
   47.4   -2.5
   47.7   -3.5
   47.7   -4.2
   48.5   -4.8
   48.7   -3.8
   48.8   -2.8
   48.6   -2.3
   48.6   -1.4
   49.6   -1.8
   49.6   -1.1
   49.3   -1.0
   49.3   -0.1
   49.4    0.5
   49.7    0.1
   49.9    1.0
   50.1    1.8
   50.7    1.8
   51.0    2.8
   51.3    3.6
   51.7    4.8
   51.9    4.1
   52.6    4.7
   52.7    5.4
   52.1    5.3
   52.6    6.1
   52.8    5.6
   53.3    6.0
   53.3    7.0
   53.6    7.5
   53.5    8.3
   53.8    9.1
   54.7    8.9
   55.4    8.6
   55.5    8.3
   56.5    8.4
   57.0    8.9
   57.1    9.8
   57.4   10.0
   57.5   10.7
   57.1   10.8
   56.9   10.4
   56.3   10.7
   56.3   11.1
   56.0   11.0
   55.8   10.3
   55.4   10.6
   55.0   11.1
   54.8   11.9
   55.0   11.9
   55.2   11.3
   55.7   11.2
   55.8   12.4
   54.9   12.4
   54.5   11.9
   54.7   10.9
   55.1    9.8
   54.4   10.1
   54.2   11.2
   53.9   11.0
   53.9   11.7
   54.2   12.5
   54.2   13.2
   53.9   13.9
   53.8   14.4
   54.0   15.5
   54.2   16.4
   54.6   17.4
   54.8   18.6
   54.2   19.0
   54.3   20.0
   54.9   20.2
   54.9   21.4
   55.3   21.6
   56.0   21.4
   56.7   21.3
   57.5   21.9
   57.6   22.7
   56.8   23.9
   57.2   24.6
   58.2   24.4
   58.4   23.6
   58.1   22.7
   57.9   22.2
   58.4   22.1
   58.6   23.1
   58.8   23.9
   59.1   23.8
   59.4   24.6
   59.5   25.9
   59.5   26.9
   59.4   27.9
   59.4   28.3
   59.7   28.7
   59.9   29.4
   59.9   30.4
   60.2   30.0
   60.1   29.2
   60.4   28.6
   60.4   27.6
   60.3   26.3
   60.2   25.3
   60.0   24.4
   59.9   23.6
   60.0   22.7
   60.3   22.7
   60.6   21.6
   61.7   21.9
   62.7   21.4
   63.3   22.6
   63.9   23.6
   64.5   24.6
   65.1   25.4
   65.6   24.7
   65.7   23.5
   65.7   22.4
   65.1   21.7
   64.6   21.3
   64.3   21.7
   63.7   20.8
   63.4   19.7
   62.9   18.6
   62.3   17.7
   61.7   17.6
   61.0   17.4
   60.5   17.6
   60.3   18.7
   59.9   19.1
   59.3   18.5
   58.8   18.0
   58.5   17.0
   57.5   16.9
   56.5   16.4
   56.0   16.0
   56.0   15.0
   55.3   14.4
   55.3   13.0
   56.2   12.9
   56.4   13.1
   57.0   12.3
   58.0   11.6
   59.1   11.1
   59.5   10.6
   58.9   10.3
   58.8    9.7
   58.3    8.8
   57.9    7.8
   58.0    6.9
   58.7    5.7
   59.6    6.0
   60.6    5.6
   61.5    5.4
   62.1    5.8
   62.5    6.8
   62.9    7.9
   63.1    8.8
   63.6   10.0
   64.4   11.0
   64.9   12.0
   65.8   13.0
   66.6   13.7
   67.1   14.6
   67.8   15.6
   68.3   15.9
   68.6   14.9
   68.9   16.0
   68.6   17.0
   68.9   17.9
   69.1   17.2
   69.4   17.9
   69.7   19.1
   69.8   20.5
   70.1   21.5
   70.2   22.5
   70.3   23.5
   70.6   24.5
   70.8   25.4
   70.8   26.6
   70.9   27.4
   70.8   28.7
   70.6   29.6
   70.5   30.5
   70.3   31.3
   70.0   30.2
   69.8   30.2
   69.7   31.2
   69.8   32.3
   69.6   33.2
   69.3   33.2
   69.2   34.3
   69.1   35.2
   68.9   36.2
   69.7   37.2
   69.4   38.2
   69.2   39.1
   68.0   40.0
   67.6   41.0
   67.0   41.4
   66.4   40.7
   66.1   39.8
   66.0   38.5
   66.2   37.5
   66.3   36.4
   66.4   35.4
   66.6   34.4
   66.7   33.7
   66.5   33.1
   66.2   34.2
   65.7   35.0
   64.8   35.0
   64.4   35.0
   64.4   36.0
   63.9   36.5
   63.8   37.7
   64.1   38.1
   64.4   37.3
   64.8   36.6
   65.1   37.1
   64.9   38.0
   64.7   39.0
   64.5   40.0
   64.5   40.7
   65.4   39.8
   65.8   40.6
   66.1   41.6
   66.5   42.4
   66.3   43.5
   66.1   44.1
   66.9   44.6
   67.1   43.9
   68.0   44.1
   68.6   43.4
   68.4   44.6
   68.4   45.7
   67.8   46.8
   67.7   45.7
   67.4   45.0
   67.0   46.0
   66.7   46.3
   66.7   47.2
   66.9   48.1
   67.6   48.1
   67.8   49.0
   68.0   50.0
   68.3   51.0
   68.4   52.0
   68.6   53.0
   68.9   54.0
   68.8   54.7
   68.3   54.0
   68.0   53.0
   67.5   53.0
   67.8   54.0
   68.2   54.7
   68.4   55.6
   68.5   56.6
   68.5   57.3
   68.7   58.2
   68.8   59.4
   68.3   59.2
   68.3   59.9
   68.6   59.8
   68.7   61.0
   69.3   60.4
   69.8   59.6
   70.1   58.4
   70.3   59.1
   70.1   60.0
   69.8   60.8
   69.7   61.7
   69.7   62.6
   69.6   63.5
   69.3   64.4
   69.0   65.6
   68.8   66.4
   68.6   67.4
   68.1   68.4
   68.7   69.2
   69.0   68.3
   69.3   68.0
   69.5   67.0
   70.0   67.0
   70.5   67.3
   71.0   66.9
   71.2   67.2
   71.3   68.0
   72.0   69.0
   72.9   69.6
   73.0   70.0
   73.4   70.0
   73.5   71.0
   73.2   71.6
   73.0   70.3
   72.9   70.2
   72.9   71.3
   72.8   72.2
   72.6   73.0
   71.7   72.3
   71.4   72.0
   70.9   72.8
   69.9   72.7
   68.9   72.6
   68.4   73.6
   67.6   73.0
   67.0   72.0
   66.7   71.0
   66.7   70.0
   66.7   69.0
   66.4   70.0
   66.4   71.0
   66.0   72.0
   66.7   73.0
   67.2   74.0
   68.0   74.9
   68.5   74.4
   68.8   75.4
   68.9   76.6
   69.1   75.7
   69.0   74.7
   69.0   73.9
   70.0   73.7
   70.6   74.2
   71.3   73.0
   71.9   73.5
   72.0   74.6
   72.5   75.1
   73.0   74.1
   73.1   74.5
   72.8   75.3
   72.3   75.7
   71.3   75.4
   71.2   76.5
   71.1   77.6
   71.0   78.4
   71.2   78.1
   71.3   77.1
   71.6   76.3
   71.9   76.1
   72.1   76.9
   71.9   78.0
   72.3   77.0
   72.6   77.8
   72.4   78.8
   72.3   79.7
   72.0   80.8
   71.7   81.4
   71.7   83.1
   71.8   83.2
   71.9   82.6
   72.3   82.0
   72.3   80.9
   73.0   80.8
   73.6   80.3
   73.6   81.4
   73.6   82.5
   73.6   83.4
   73.7   84.6
   73.8   85.6
   73.8   86.4
   73.9   87.0
   74.2   86.6
   74.3   85.9
   74.6   86.4
   74.9   87.1
   75.2   88.1
   75.5   89.1
   75.6   90.1
   75.6   91.2
   75.7   92.1
   75.8   93.0
   76.1   93.0
   76.1   94.1
   76.1   95.1
   76.1   96.1
   76.0   97.0
   76.1   98.0
   76.2   98.8
   76.4   99.0
   76.4  100.0
   77.1  101.2
   77.4  102.3
   77.6  103.3
   77.7  104.2
   77.5  105.2
   77.4  106.2
   77.3  105.2
   77.1  104.3
   77.1  105.8
   77.0  106.8
   76.9  107.3
   76.7  106.8
   76.5  106.2
   76.5  107.2
   76.5  107.9
   76.7  108.0
   76.7  109.0
   76.6  110.0
   76.7  111.0
   76.6  112.0
   76.3  112.8
   76.2  113.4
   75.9  114.0
   75.3  113.6
   74.9  112.7
   74.6  111.6
   74.4  110.6
   74.1  109.8
   73.8  108.6
   73.6  108.0
   73.4  107.0
   73.3  106.1
   72.9  105.8
   73.1  106.3
   73.1  107.5
   73.2  108.6
   73.2  109.6
   73.6  110.4
   73.7  110.6
   73.7  109.7
   73.8  109.5
   74.0  110.1
   73.9  111.1
   73.6  112.1
   73.7  113.0
   74.1  112.6
   74.3  111.6
   74.5  112.1
   74.5  113.0
   74.3  113.4
   74.1  113.2
   74.0  113.0
   73.6  113.4
   73.6  114.1
   73.7  115.1
   73.7  116.0
   73.6  117.0
   73.6  118.0
   73.4  119.0
   73.2  118.5
   73.0  119.4
   73.0  120.2
   72.9  121.3
   72.9  122.3
   72.8  123.2
   73.2  123.2
   73.6  122.8
   73.7  123.7
   73.7  124.6
   73.7  125.1
   73.4  125.2
   73.5  126.2
   73.3  126.4
   73.3  127.3
   73.2  128.2
   73.0  129.0
   72.8  130.0
   72.4  129.8
   72.1  129.4
   72.2  128.6
   72.1  128.0
   71.6  129.0
   71.1  130.0
   70.9  130.9
   70.7  131.3
   71.5  132.2
   71.9  133.0
   71.5  133.3
   71.3  134.2
   71.6  135.0
   71.6  136.0
   71.6  137.0
   71.6  138.0
   71.6  139.0
   71.4  139.7
   71.9  139.9
   72.2  139.3
   72.4  139.7
   72.4  140.6
   72.6  141.2
   72.8  140.8
   72.8  141.6
   72.7  142.4
   72.7  143.3
   72.6  144.3
   72.5  145.3
   72.4  146.2
   72.3  147.1
   72.3  148.2
   72.2  149.2
   72.0  150.0
   71.6  149.7
   71.3  150.5
   71.3  151.6
   71.0  152.3
   70.8  152.5
   70.8  153.5
   70.9  154.6
   71.0  155.5
   71.0  156.6
   71.0  157.6
   70.9  158.6
   70.7  159.4
   70.3  160.0
   69.8  159.4
   69.6  160.4
   69.4  161.2
   69.6  162.2
   69.7  163.3
   69.6  164.4
   69.4  165.3
   69.4  166.4
   69.3  167.0
   69.9  168.0
   70.0  168.6
   69.8  169.4
   69.4  169.1
   69.6  168.1
   69.1  168.3
   68.9  169.3
   68.7  170.0
 91  884 NORTH & SOUTH AMERICA                  
   68.2  -90.0
   69.1  -89.0
   68.7  -88.0
   67.6  -88.0
   67.1  -87.2
   67.6  -86.5
   68.1  -86.8
   67.9  -86.0
   68.6  -85.6
   68.6  -84.8
   69.1  -85.4
   69.7  -85.4
   69.7  -84.6
   69.6  -83.6
   69.5  -82.4
   69.1  -82.0
   69.0  -81.3
   68.4  -81.2
   68.4  -82.3
   67.7  -81.8
   67.4  -81.0
   66.7  -82.0
   66.4  -83.0
   66.2  -83.9
   66.2  -85.0
   66.5  -85.4
   66.4  -86.6
   66.2  -85.8
   65.4  -87.0
   65.2  -88.0
   65.0  -87.0
   64.1  -88.0
   63.9  -89.0
   63.9  -90.0
   63.5  -90.3
   63.5  -91.2
   63.0  -90.6
   62.7  -91.3
   62.7  -92.0
   62.0  -93.0
   61.0  -94.0
   60.0  -94.7
   59.0  -94.7
   58.6  -94.0
   58.6  -93.0
   57.7  -92.6
   56.9  -92.3
   57.0  -91.4
   57.1  -90.4
   56.8  -89.3
   56.5  -88.3
   55.9  -87.4
   55.7  -86.4
   55.3  -85.4
   55.2  -84.5
   55.2  -83.5
   55.0  -82.1
   54.0  -82.3
   52.9  -82.0
   51.9  -81.1
   51.0  -80.0
   51.6  -79.0
   52.2  -78.4
   53.0  -79.0
   53.8  -79.0
   54.5  -79.7
   54.7  -78.7
   55.3  -77.5
   55.8  -76.8
   56.6  -76.5
   57.4  -76.8
   58.0  -77.7
   58.4  -78.6
   59.1  -78.0
   59.7  -77.4
   60.3  -77.6
   60.7  -78.1
   61.4  -77.6
   61.7  -78.0
   62.3  -78.0
   62.6  -77.4
   62.4  -76.4
   62.3  -75.4
   62.1  -74.7
   62.4  -73.8
   62.1  -73.0
   61.6  -72.0
   61.0  -71.0
   60.9  -69.6
   60.0  -69.7
   59.1  -69.4
   58.7  -68.6
   58.1  -67.7
   58.4  -66.7
   58.9  -65.9
   59.8  -65.3
   60.3  -64.8
   59.6  -64.0
   58.8  -63.0
   57.7  -62.0
   56.8  -61.2
   56.1  -61.7
   55.6  -60.6
   55.1  -59.7
   54.7  -58.4
   54.4  -57.2
   53.9  -58.3
   54.0  -57.4
   53.5  -56.6
   53.2  -55.8
   52.4  -55.8
   51.8  -55.7
   51.3  -56.7
   51.3  -57.7
   50.7  -58.7
   50.0  -60.0
   50.0  -61.0
   50.0  -62.0
   50.0  -63.0
   50.1  -64.0
   50.0  -65.0
   50.0  -66.0
   49.6  -67.0
   49.3  -67.4
   49.1  -68.0
   48.5  -69.0
   48.0  -69.6
   47.4  -70.0
   48.0  -69.0
   48.5  -68.0
   48.9  -67.0
   49.1  -66.0
   49.1  -65.0
   48.7  -64.1
   47.9  -65.0
   47.9  -66.0
   47.8  -64.9
   46.9  -65.0
   46.0  -64.0
   45.6  -63.0
   45.5  -62.0
   45.5  -61.3
   46.0  -61.3
   46.9  -60.1
   46.2  -60.1
   45.8  -59.7
   45.4  -60.4
   45.2  -61.1
   44.8  -62.0
   44.5  -63.0
   44.3  -64.0
   43.6  -65.0
   43.6  -66.0
   44.3  -66.0
   44.9  -65.0
   45.6  -64.4
   45.3  -65.4
   45.0  -66.3
   44.7  -67.0
   44.4  -67.7
   44.3  -68.7
   43.7  -69.3
   43.6  -70.1
   42.8  -70.7
   42.0  -70.7
   41.6  -70.0
   41.5  -71.3
   41.3  -72.0
   40.8  -72.6
   40.6  -73.9
   39.8  -74.0
   39.0  -74.6
   39.4  -75.4
   38.4  -75.0
   37.7  -75.5
   37.0  -75.8
   37.9  -75.7
   38.3  -76.3
   37.4  -76.3
   37.0  -75.8
   36.6  -75.9
   35.8  -75.7
   35.1  -76.3
   34.6  -77.0
   33.9  -78.0
   33.4  -79.0
   32.5  -80.0
   32.0  -80.7
   31.0  -81.1
   30.0  -81.0
   29.0  -80.6
   28.4  -80.3
   27.4  -80.0
   26.6  -79.9
   25.8  -79.9
   25.0  -80.3
   25.0  -81.0
   25.5  -81.0
   25.8  -81.5
   26.6  -82.0
   27.8  -82.7
   28.5  -82.4
   29.2  -83.0
   29.9  -83.6
   29.9  -84.3
   29.5  -85.1
   30.0  -85.7
   30.3  -86.4
   30.0  -87.7
   30.2  -88.6
   30.0  -89.3
   29.7  -89.7
   29.0  -88.9
   28.9  -89.1
   29.3  -89.7
   29.0  -90.1
   29.0  -91.0
   29.7  -91.7
   29.4  -92.0
   29.6  -93.0
   29.4  -94.0
   29.0  -95.0
   28.6  -96.0
   28.2  -97.0
   27.0  -97.4
   26.0  -97.2
   25.0  -97.7
   24.0  -97.8
   23.0  -97.7
   22.0  -97.7
   21.5  -97.3
   21.0  -97.4
   20.0  -96.6
   19.0  -95.9
   18.7  -95.0
   18.2  -94.0
   18.4  -93.0
   18.7  -92.0
   18.5  -91.0
   19.0  -91.1
   19.6  -90.3
   20.9  -90.1
   21.2  -89.3
   21.5  -88.2
   21.5  -87.4
   21.4  -86.6
   20.6  -87.0
   19.7  -87.4
   18.1  -87.6
   18.6  -88.0
   17.3  -88.0
   16.5  -88.3
   15.8  -88.7
   15.7  -87.8
   15.7  -86.8
   15.7  -85.8
   15.8  -84.7
   15.4  -83.7
   15.0  -83.0
   14.0  -83.0
   13.0  -83.3
   12.0  -83.4
   11.1  -83.6
   10.0  -83.0
    9.2  -82.0
    8.8  -81.0
    9.4  -80.0
    9.6  -79.0
    9.2  -78.0
    9.0  -77.7
    8.4  -77.0
    9.0  -76.3
    9.5  -75.8
   10.0  -75.6
   11.0  -75.0
   11.2  -74.0
   11.5  -73.0
   11.9  -72.0
   12.0  -71.1
   11.0  -71.6
   11.2  -70.6
   12.1  -70.0
   11.5  -69.0
   11.0  -68.2
   10.4  -68.0
   10.5  -67.0
   10.4  -66.0
   10.1  -65.0
   10.6  -64.0
   10.6  -63.0
   10.0  -62.2
    9.4  -61.1
    8.6  -60.8
    8.4  -60.0
    7.9  -59.0
    7.0  -58.4
    6.3  -57.4
    5.9  -56.8
    5.8  -55.7
    5.9  -54.7
    5.6  -53.6
    5.1  -52.6
    4.6  -51.9
    4.2  -51.4
    3.8  -50.8
    3.0  -50.7
    2.0  -50.4
    1.6  -49.8
    0.8  -50.0
    0.0  -50.7
   -0.9  -51.7
    0.0  -50.9
    0.0  -50.0
    0.0  -49.0
   -0.5  -48.2
   -0.7  -47.0
   -1.0  -46.0
   -1.4  -45.0
   -2.0  -44.4
   -2.7  -44.0
   -2.3  -43.0
   -2.9  -42.0
   -2.9  -41.0
   -2.8  -40.0
   -3.3  -39.1
   -4.0  -38.1
   -4.6  -37.3
   -5.1  -36.5
   -5.0  -35.6
   -5.9  -35.0
   -7.0  -34.8
   -8.0  -34.9
   -8.9  -35.1
   -9.9  -35.8
  -10.7  -36.5
  -11.0  -37.0
  -11.4  -37.0
  -12.0  -37.6
  -12.7  -38.1
  -13.2  -38.8
  -14.0  -39.0
  -15.0  -39.0
  -16.0  -38.9
  -17.0  -39.1
  -17.7  -39.1
  -18.3  -39.6
  -19.1  -39.5
  -20.0  -40.0
  -21.0  -40.6
  -22.0  -40.9
  -22.3  -41.8
  -23.0  -42.0
  -23.0  -43.0
  -23.0  -44.0
  -23.4  -45.0
  -23.7  -46.0
  -24.5  -47.0
  -25.0  -47.8
  -25.4  -48.4
  -26.3  -48.6
  -27.0  -48.5
  -28.0  -48.6
  -28.6  -48.8
  -29.2  -49.7
  -30.0  -50.0
  -30.9  -50.6
  -31.7  -51.3
  -32.1  -51.9
  -32.8  -52.5
  -33.4  -53.0
  -34.0  -53.4
  -34.7  -54.2
  -35.0  -54.9
  -34.9  -56.0
  -34.5  -56.9
  -34.4  -57.7
  -34.2  -58.2
  -34.9  -57.8
  -35.2  -57.0
  -36.0  -57.1
  -36.3  -56.6
  -37.0  -56.6
  -37.6  -57.1
  -38.0  -57.3
  -38.4  -58.0
  -38.7  -59.0
  -38.9  -60.0
  -39.0  -61.0
  -38.8  -62.0
  -39.4  -62.0
  -40.2  -62.1
  -40.6  -62.0
  -41.1  -62.6
  -41.2  -63.7
  -40.7  -64.7
  -41.2  -65.0
  -42.0  -64.9
  -42.3  -64.2
  -42.1  -63.7
  -42.7  -63.7
  -43.0  -64.3
  -43.6  -65.1
  -44.3  -65.0
  -44.9  -65.4
  -45.1  -66.4
  -45.4  -67.2
  -46.0  -67.6
  -46.6  -67.0
  -47.0  -66.5
  -47.0  -65.7
  -47.6  -65.7
  -48.1  -65.9
  -48.4  -66.7
  -49.0  -67.4
  -49.6  -67.7
  -50.1  -68.0
  -50.4  -69.0
  -51.0  -69.1
  -51.6  -69.0
  -52.2  -68.3
  -53.0  -68.2
  -53.5  -68.0
  -54.0  -67.0
  -54.5  -66.0
  -54.8  -65.0
  -55.0  -66.3
  -55.2  -67.2
  -55.2  -68.3
  -55.4  -69.3
  -55.1  -70.0
  -54.4  -71.2
  -53.7  -72.1
  -53.0  -73.1
  -52.0  -73.5
  -51.2  -73.8
  -50.5  -74.2
  -49.7  -74.5
  -48.9  -74.4
  -48.0  -74.3
  -47.0  -74.2
  -46.6  -74.3
  -46.6  -75.5
  -46.8  -74.9
  -46.0  -73.8
  -45.3  -73.1
  -44.6  -72.9
  -44.0  -73.0
  -43.1  -72.9
  -42.1  -72.4
  -41.8  -73.4
  -42.5  -73.4
  -43.3  -73.7
  -43.3  -74.2
  -42.7  -74.0
  -42.0  -74.0
  -41.3  -73.8
  -40.1  -73.6
  -39.1  -73.2
  -38.2  -73.5
  -37.2  -73.7
  -37.0  -73.0
  -36.0  -72.7
  -35.0  -72.1
  -34.0  -71.9
  -33.0  -71.6
  -32.0  -71.5
  -31.0  -71.6
  -30.2  -71.7
  -29.6  -71.4
  -28.9  -71.6
  -28.3  -71.3
  -27.3  -71.0
  -26.1  -70.8
  -25.0  -70.6
  -24.0  -70.6
  -23.0  -70.7
  -22.0  -70.2
  -21.0  -70.2
  -20.0  -70.3
  -19.0  -70.4
  -18.0  -70.6
  -17.3  -71.4
  -16.5  -72.4
  -16.0  -73.3
  -15.6  -74.3
  -15.2  -75.1
  -14.3  -76.0
  -13.5  -76.4
  -12.6  -76.8
  -11.7  -77.4
  -10.9  -77.8
  -10.0  -78.3
   -9.0  -78.7
   -8.0  -79.1
   -7.0  -79.7
   -6.4  -80.1
   -5.9  -81.2
   -5.0  -81.2
   -4.1  -81.3
   -3.5  -80.5
   -2.9  -79.9
   -2.2  -80.9
   -1.0  -80.9
    0.0  -80.2
    1.0  -79.5
    1.6  -78.8
    2.7  -78.3
    2.7  -77.6
    3.7  -77.0
    4.6  -77.2
    5.6  -77.3
    6.6  -77.2
    7.3  -77.8
    8.3  -78.2
    8.9  -78.7
    9.0  -79.3
    8.4  -80.0
    7.5  -79.7
    7.3  -80.6
    7.8  -81.0
    8.2  -81.4
    8.4  -82.2
    8.3  -82.8
    8.8  -83.6
    9.2  -83.4
    9.7  -84.0
   10.0  -85.0
   10.1  -85.6
   11.0  -85.6
   11.6  -86.1
   12.2  -86.7
   12.7  -87.4
   13.2  -88.1
   13.4  -89.0
   13.9  -90.0
   14.0  -91.0
   14.6  -92.0
   15.2  -92.7
   15.7  -93.4
   16.1  -94.1
   16.2  -95.0
   15.8  -96.1
   15.9  -96.9
   16.1  -98.0
   16.7  -98.9
   16.8  -99.7
   17.3 -100.6
   17.6 -101.4
   18.1 -101.9
   18.3 -102.9
   18.7 -103.6
   19.3 -104.4
   19.7 -105.2
   20.5 -105.6
   21.4 -105.4
   22.0 -105.7
   22.8 -105.9
   23.4 -106.5
   24.0 -107.1
   24.7 -107.9
   25.4 -108.2
   25.6 -109.1
   26.1 -109.4
   26.5 -109.3
   26.9 -109.9
   27.4 -110.5
   28.1 -111.0
   28.6 -111.6
   29.3 -112.1
   30.0 -112.7
   31.0 -113.1
   31.4 -113.2
   31.7 -114.0
   32.0 -114.9
   31.4 -114.8
   30.7 -114.6
   30.0 -114.4
   29.4 -113.7
   28.9 -113.1
   28.3 -112.8
   27.7 -112.4
   27.1 -112.0
   26.6 -111.5
   26.0 -111.3
   25.0 -110.7
   24.5 -110.6
   24.4 -110.2
   23.6 -109.5
   23.1 -110.0
   23.6 -110.3
   24.2 -111.0
   24.7 -111.7
   25.0 -112.3
   25.6 -112.1
   26.1 -112.1
   26.6 -112.8
   27.0 -113.2
   27.0 -113.8
   27.3 -114.3
   28.0 -114.9
   28.3 -114.0
   28.7 -114.0
   29.3 -114.6
   29.6 -115.1
   29.9 -115.7
   30.5 -115.9
   31.3 -116.4
   32.1 -116.9
   32.8 -117.3
   33.4 -117.7
   33.7 -118.4
   34.2 -119.2
   34.5 -120.0
   34.4 -120.6
   35.2 -120.8
   36.0 -121.7
   36.9 -122.3
   38.0 -122.8
   38.5 -123.3
   39.0 -123.8
   39.8 -123.9
   40.6 -124.4
   41.4 -124.0
   42.2 -124.4
   42.8 -124.6
   43.8 -124.2
   44.8 -124.0
   45.8 -124.0
   46.7 -124.0
   47.5 -124.4
   48.3 -124.7
   49.0 -125.3
   49.4 -126.1
   49.9 -127.0
   50.1 -128.0
   50.7 -128.2
   51.3 -127.7
   51.9 -128.0
   52.7 -129.0
   53.4 -129.7
   54.2 -130.2
   54.9 -131.0
   55.4 -132.5
   56.2 -133.4
   56.8 -134.4
   57.6 -135.5
   58.2 -136.4
   58.6 -137.9
   59.2 -139.0
   59.7 -140.3
   59.9 -141.9
   60.0 -143.2
   60.2 -144.5
   60.4 -145.6
   60.7 -146.4
   61.0 -147.0
   60.9 -148.2
   60.4 -148.2
   59.9 -148.9
   59.6 -150.0
   59.3 -151.0
   59.3 -152.0
   60.0 -151.7
   60.9 -150.9
   60.9 -149.4
   61.3 -150.7
   60.9 -151.7
   60.3 -152.4
   59.7 -153.2
   59.0 -154.1
   58.9 -153.3
   58.2 -154.1
   57.8 -155.1
   57.4 -156.1
   57.0 -156.6
   56.6 -157.5
   56.3 -158.4
   55.9 -158.7
   55.6 -159.8
   55.4 -160.7
   55.3 -161.7
   54.9 -162.7
   54.5 -164.0
   54.4 -165.0
   54.8 -164.5
   55.1 -163.3
   55.4 -162.4
   55.8 -161.8
   55.7 -160.8
   56.3 -160.2
   56.6 -159.4
   56.7 -158.7
   57.0 -158.6
   57.5 -157.9
   58.0 -157.6
   58.9 -157.0
   58.6 -158.3
   58.9 -158.5
   58.4 -158.9
   59.0 -160.3
   58.5 -161.7
   59.3 -162.0
   59.4 -161.6
   60.2 -162.3
   59.6 -163.0
   59.8 -164.1
   60.3 -164.8
   60.6 -165.4
   60.9 -165.0
   61.4 -165.8
   61.8 -166.0
   62.4 -165.4
   62.9 -164.8
   63.3 -164.0
   63.0 -163.5
   63.5 -162.3
   63.5 -161.3
   63.8 -160.8
   64.5 -161.3
   64.5 -160.8
   64.8 -161.1
   64.7 -162.0
   64.3 -162.7
   64.5 -164.8
   64.4 -165.0
   64.5 -165.9
   64.6 -166.4
   65.1 -166.9
   65.2 -166.0
   65.4 -167.1
   65.6 -168.0
   65.9 -167.1
   66.2 -166.1
   66.1 -165.6
   66.3 -165.6
   66.5 -164.8
   66.5 -163.8
   66.2 -163.9
   66.1 -163.0
   66.0 -162.0
   66.3 -161.0
   66.4 -161.8
   66.7 -162.5
   67.1 -163.5
   67.5 -164.0
   67.8 -165.0
   68.1 -165.9
   68.3 -166.6
   68.7 -166.2
   68.8 -165.0
   69.0 -163.9
   69.5 -163.0
   70.0 -162.6
   70.3 -162.0
   70.3 -161.0
   70.6 -160.1
   70.8 -159.3
   70.8 -158.2
   71.0 -157.3
   71.3 -156.5
   71.2 -155.6
   70.8 -155.9
   71.2 -155.0
   71.0 -154.6
   70.8 -154.7
   70.8 -154.0
   70.9 -153.3
   70.8 -152.3
   70.6 -152.5
   70.5 -151.9
   70.4 -150.9
   70.4 -150.0
   70.4 -149.0
   70.3 -148.0
   70.2 -147.0
   70.3 -146.0
   70.0 -145.0
   70.0 -144.0
   70.0 -143.0
   69.8 -142.0
   69.6 -141.0
   69.6 -140.0
   69.4 -139.0
   69.1 -138.0
   68.8 -137.0
   68.8 -136.0
   69.2 -136.3
   69.3 -135.3
   69.6 -134.4
   69.4 -133.4
   69.7 -132.4
   69.9 -131.2
   70.2 -130.3
   70.3 -129.6
   69.7 -128.9
   70.1 -128.2
   70.6 -128.0
   70.1 -126.9
   69.7 -126.7
   69.4 -125.8
   69.8 -125.2
   70.1 -124.7
   69.6 -124.2
   69.4 -124.4
   69.4 -123.4
   69.5 -123.0
   69.7 -123.0
   69.8 -121.9
   69.6 -121.0
   69.4 -120.0
   69.2 -119.0
   68.9 -118.0
   68.8 -117.0
   68.9 -116.0
   68.8 -115.0
   68.3 -114.0
   67.9 -115.4
   67.7 -114.5
   67.7 -113.5
   67.6 -112.5
   67.7 -111.3
   67.9 -110.0
   67.6 -109.1
   67.3 -108.1
   66.9 -107.4
   67.8 -108.0
   68.2 -106.9
   68.1 -108.4
   68.6 -108.4
   68.6 -107.3
   68.8 -106.3
   68.6 -105.5
   68.2 -105.0
   68.0 -104.0
   67.9 -103.0
   67.7 -102.0
   67.7 -101.0
   67.8 -100.0
   67.6  -99.0
   68.3  -98.7
   68.5  -97.7
   68.7  -98.6
   68.9  -99.5
   69.3  -98.4
   69.8  -97.9
   69.5  -97.0
   69.0  -96.0
   68.6  -95.4
   68.4  -97.0
   68.0  -96.0
   67.2  -95.7
   68.0  -95.3
   68.0  -94.2
   68.6  -93.7
   68.7  -94.6
   69.3  -94.1
   69.6  -95.0
   69.8  -96.0
   70.2  -96.6
   70.6  -96.0
   71.3  -96.0
   71.8  -95.0
   72.4  -95.2
   73.3  -95.7
   74.0  -95.3
   74.1  -94.0
   74.1  -93.0
   73.9  -92.0
   73.9  -91.0
   73.8  -90.3
   73.2  -91.4
   72.6  -92.1
   72.7  -93.1
   72.6  -94.0
   72.3  -93.4
   71.9  -94.4
   71.6  -93.6
   71.3  -92.7
   70.7  -92.9
   70.3  -91.8
   69.6  -92.5
   69.5  -91.2
   68.9  -90.6
   68.2  -90.0
