    1    0 -0.1022770000000000E-02                  0.    
    1    1 -0.7632600000000000E-03  0.7925450000000000E-03
    2    0  0.1020770000000000E-01                  0.    
    2    1  0.2671780000000000E-02 -0.1617430000000000E-02
    2    2 -0.1658590000000000E-01  0.9600920000000001E-02
    3    0 -0.5824200000000000E-02                  0.    
    3    1  0.9253690000000000E-02  0.8943700000000000E-03
    3    2  0.4591040000000000E-03 -0.8669550000000000E-02
    3    3  0.4929020000000000E-02 -0.2102930000000000E-02
    4    0  0.8469770000000000E-03                  0.    
    4    1 -0.3984110000000000E-02  0.2328240000000000E-02
    4    2  0.4828240000000000E-02  0.1045910000000000E-02
    4    3 -0.1937570000000000E-02 -0.1148480000000000E-03
    4    4 -0.6571420000000000E-02 -0.1542170000000000E-02
    5    0  0.4786050000000000E-03                  0.    
    5    1 -0.2674620000000000E-02 -0.9056510000000000E-03
    5    2 -0.3822650000000000E-03  0.6986890000000000E-03
    5    3  0.2455600000000000E-02  0.1723920000000000E-02
    5    4 -0.8767930000000000E-03 -0.2089290000000000E-02
    5    5 -0.2772900000000000E-03 -0.2529100000000000E-03
    6    0 -0.3874220000000000E-03                  0.    
    6    1  0.8774380000000000E-03 -0.6776480000000000E-03
    6    2  0.7190530000000000E-03 -0.1481730000000000E-02
    6    3 -0.5268530000000000E-03 -0.2298090000000000E-02
    6    4  0.8566210000000000E-03 -0.1429860000000000E-02
    6    5 -0.6593260000000000E-03  0.8949560000000000E-03
    6    6  0.8175070000000000E-03  0.5642810000000000E-03
    7    0 -0.4266570000000000E-04                  0.    
    7    1  0.1637290000000000E-02 -0.2275530000000000E-03
    7    2 -0.7413660000000000E-03  0.6670100000000000E-03
    7    3 -0.6457730000000000E-03 -0.1360020000000000E-02
    7    4  0.1107220000000000E-03 -0.1634600000000000E-02
    7    5  0.8666780000000000E-03  0.1730790000000000E-03
    7    6 -0.1798740000000000E-03 -0.1917280000000000E-02
    7    7  0.4669650000000000E-03  0.9412800000000000E-03
    8    0 -0.6484220000000000E-03                  0.    
    8    1  0.1006360000000000E-03  0.1004100000000000E-02
    8    2  0.3017530000000000E-03  0.3808520000000000E-03
    8    3 -0.7504790000000000E-03 -0.4309380000000000E-03
    8    4 -0.8495080000000000E-03  0.3964290000000000E-04
    8    5  0.2003040000000000E-03  0.6227540000000000E-03
    8    6 -0.1326660000000000E-02  0.1872990000000000E-03
    8    7 -0.4765170000000000E-03  0.1847380000000000E-02
    8    8  0.1230100000000000E-02  0.4188870000000000E-03
    9    0  0.1018700000000000E-03                  0.    
    9    1 -0.1779140000000000E-03 -0.9278890000000000E-04
    9    2  0.1503700000000000E-03 -0.1090460000000000E-02
    9    3  0.1040990000000000E-02 -0.1258020000000000E-03
    9    4 -0.1008570000000000E-02 -0.1154420000000000E-04
    9    5  0.3528960000000000E-03  0.3091360000000000E-03
    9    6 -0.6613050000000001E-03  0.8745030000000000E-03
    9    7  0.5343470000000000E-03  0.1148360000000000E-03
    9    8  0.7066220000000000E-03 -0.5264900000000000E-04
    9    9 -0.2200530000000000E-03  0.8868200000000000E-04
   10    0  0.1123250000000000E-03                  0.    
   10    1 -0.3408250000000000E-03 -0.8002540000000000E-03
   10    2  0.5808150000000000E-03 -0.6995930000000000E-03
   10    3  0.1343320000000000E-02 -0.5524220000000000E-03
   10    4  0.4670570000000000E-04 -0.2396100000000000E-03
   10    5 -0.9437130000000000E-03 -0.6773160000000000E-03
   10    6 -0.2423970000000000E-03  0.5274019999999999E-03
   10    7 -0.5599250000000000E-03 -0.1025220000000000E-03
   10    8  0.3186100000000000E-03 -0.4234120000000000E-03
   10    9  0.5123340000000000E-06  0.5527290000000000E-04
   10   10  0.1534080000000000E-05  0.7284850000000000E-03
